1725251995.308004,0.10908703294143253,5.540801185290064,2.928548187335662,2.6122529979544025,24.764547916925405,24.6191,-4.056671748582179,-3.89902
1725251995.407991,0.21449748336276178,5.538028835643073,2.928548187335662,2.609480648307411,24.764547916925405,24.5505,-4.056671748582179,-3.82546
1725251995.5080469,0.3150799635370902,5.5363159822840515,2.928548187335662,2.6077677949483897,24.764547916925405,24.4718,-4.056671748582179,-3.7412
1725251995.607965,0.43037630861568166,5.535130999442886,2.928548187335662,2.6065828121072245,24.764547916925405,24.3938,-4.056671748582179,-3.65782
1725251995.708448,0.5445518664476229,5.534288393080213,2.928548187335662,2.605740205744551,24.764547916925405,24.3141,-4.056671748582179,-3.57306
1725251995.8082483,0.6608960956376954,5.533277282022593,2.928548187335662,2.604729094686931,24.764547916925405,24.2345,-4.056671748582179,-3.48892
1725251995.908278,0.7767192815007766,5.532118560085346,2.928548187335662,2.603570372749684,24.764547916925405,24.1597,-4.056671748582179,-3.41039
1725251996.0082657,0.8851672729825928,5.530892181024285,2.928548187335662,2.6023439936886232,24.764547916925405,24.0758,-4.056671748582179,-3.32237
1725251996.1079862,1.006763503033324,5.529787629910812,2.928548187335662,2.6012394425751504,24.764547916925405,23.9983,-4.056671748582179,-3.24117
1725251996.208247,1.1190080304149357,5.528915913845879,2.928548187335662,2.6003677265102176,24.764547916925405,23.9288,-4.056671748582179,-3.16855
1725251996.308384,1.2195223741079222,5.528159350723152,2.928548187335662,2.5996111633874905,24.764547916925405,23.8504,-4.056671748582179,-3.08679
1725251996.4082477,1.3327929397516636,5.527360766467219,2.928548187335662,2.5988125791315575,24.764547916925405,23.7786,-4.056671748582179,-3.01203
1725251996.5079432,1.4364434126586316,5.526683919350186,2.928548187335662,2.5981357320145246,24.764547916925405,23.6964,-4.056671748582179,-2.92658
1725251996.6080608,1.555007180898406,5.525958523365237,2.928548187335662,2.597410336029575,24.764547916925405,23.6206,-4.056671748582179,-2.84803
1725251996.7082372,1.6641609636852326,5.5252792019872,2.928548187335662,2.596731014651538,24.764547916925405,23.5351,-4.056671748582179,-2.75964
1725251996.8082433,1.7871299721235618,5.5245309640891955,2.928548187335662,2.5959827767535337,24.764547916925405,23.4414,-4.056671748582179,-2.66305
1725251996.907958,1.9216924801292439,5.523721631959147,2.928548187335662,2.5951734446234855,24.764547916925405,23.3553,-4.056671748582179,-2.57424
1725251997.0080402,2.0453810355439916,5.5230901582879826,2.928548187335662,2.5945419709523208,24.764547916925405,23.2613,-4.056671748582179,-2.4774
1725251997.108241,2.1803333588262115,5.522445031320315,2.928548187335662,2.593896843984653,24.764547916925405,23.1747,-4.056671748582179,-2.38824
1725251997.208226,2.304621638931005,5.521900666242569,2.928548187335662,2.5933524789069073,24.764547916925405,23.079,-4.056671748582179,-2.28991
1725251997.3083599,2.4418269505648285,5.52130729788326,2.928548187335662,2.592759110547598,24.764547916925405,22.9921,-4.056671748582179,-2.20086
1725251997.4082363,2.5662441162891834,5.520759360352931,2.928548187335662,2.5922111730172688,24.764547916925405,22.9216,-4.056671748582179,-2.12888
1725251997.5082242,2.6669904481271054,5.52028392833745,2.928548187335662,2.591735741001788,24.764547916925405,22.8418,-4.056671748582179,-2.04721
1725251997.60823,2.7811681126922077,5.519835759407225,2.928548187335662,2.591287572071563,24.764547916925405,22.7701,-4.056671748582179,-1.97377
1725251997.708233,2.883799956233925,5.519477694399038,2.928548187335662,2.590929507063376,24.764547916925405,22.6903,-4.056671748582179,-1.89167
1725251997.8083417,2.9982890107915336,5.519191868297194,2.928548187335662,2.5906436809615325,24.764547916925405,22.6191,-4.056671748582179,-1.81793
1725251997.90823,3.1007920570532224,5.5190635393707606,2.928548187335662,2.5905153520350988,24.764547916925405,22.5478,-4.056671748582179,-1.74369
1725251998.007992,3.203725315389477,5.519028887635205,2.928548187335662,2.590480700299543,24.764547916925405,22.4677,-4.056671748582179,-1.6596
1725251998.1079423,3.319858930938993,5.519135742020314,2.928548187335662,2.590587554684652,24.764547916925405,22.3972,-4.056671748582179,-1.58506
1725251998.208535,3.422455375238734,5.519330555610881,2.928548187335662,2.590782368275219,24.764547916925405,22.3181,-4.056671748582179,-1.50078
1725251998.3082566,3.5380347709850337,5.519662182562753,2.928548187335662,2.591113995227091,24.764547916925405,22.2475,-4.056671748582179,-1.42461
1725251998.4082336,3.6418785351035536,5.520120074534455,2.928548187335662,2.5915718871987936,24.764547916925405,22.1781,-4.056671748582179,-1.34894
1725251998.5079966,3.7445325541711707,5.5206920372116635,2.928548187335662,2.5921438498760017,24.764547916925405,22.1007,-4.056671748582179,-1.26381
1725251998.607958,3.859554698563207,5.521425894622643,2.928548187335662,2.5928777072869815,24.764547916925405,22.032,-4.056671748582179,-1.1879
1725252014.4466708,0.10908703294143253,5.540801185290064,2.928548187335662,2.6122529979544025,24.764547916925405,24.6191,-4.056671748582179,-3.89902
1725252014.5466118,0.21449748336276178,5.538028835643073,2.928548187335662,2.609480648307411,24.764547916925405,24.5505,-4.056671748582179,-3.82546
1725252014.6470444,0.3150799635370902,5.5363159822840515,2.928548187335662,2.6077677949483897,24.764547916925405,24.4718,-4.056671748582179,-3.7412
1725252014.7469964,0.43037630861568166,5.535130999442886,2.928548187335662,2.6065828121072245,24.764547916925405,24.3938,-4.056671748582179,-3.65782
1725252014.8467128,0.5445518664476229,5.534288393080213,2.928548187335662,2.605740205744551,24.764547916925405,24.3141,-4.056671748582179,-3.57306
1725252014.9466982,0.6608960956376954,5.533277282022593,2.928548187335662,2.604729094686931,24.764547916925405,24.2345,-4.056671748582179,-3.48892
1725252015.0470357,0.7767192815007766,5.532118560085346,2.928548187335662,2.603570372749684,24.764547916925405,24.1597,-4.056671748582179,-3.41039
1725252015.1465824,0.8851672729825928,5.530892181024285,2.928548187335662,2.6023439936886232,24.764547916925405,24.0758,-4.056671748582179,-3.32237
1725252015.2466614,1.006763503033324,5.529787629910812,2.928548187335662,2.6012394425751504,24.764547916925405,23.9983,-4.056671748582179,-3.24117
1725252015.3466852,1.1190080304149357,5.528915913845879,2.928548187335662,2.6003677265102176,24.764547916925405,23.9288,-4.056671748582179,-3.16855
1725252015.4470813,1.2195223741079222,5.528159350723152,2.928548187335662,2.5996111633874905,24.764547916925405,23.8504,-4.056671748582179,-3.08679
1725252015.546668,1.3327929397516636,5.527360766467219,2.928548187335662,2.5988125791315575,24.764547916925405,23.7786,-4.056671748582179,-3.01203
1725252015.6466289,1.4364434126586316,5.526683919350186,2.928548187335662,2.5981357320145246,24.764547916925405,23.6964,-4.056671748582179,-2.92658
1725252015.74667,1.555007180898406,5.525958523365237,2.928548187335662,2.597410336029575,24.764547916925405,23.6206,-4.056671748582179,-2.84803
1725252015.8470356,1.6641609636852326,5.5252792019872,2.928548187335662,2.596731014651538,24.764547916925405,23.5351,-4.056671748582179,-2.75964
1725252015.947204,1.7871299721235618,5.5245309640891955,2.928548187335662,2.5959827767535337,24.764547916925405,23.4414,-4.056671748582179,-2.66305
1725252016.047093,1.9216924801292439,5.523721631959147,2.928548187335662,2.5951734446234855,24.764547916925405,23.3553,-4.056671748582179,-2.57424
1725252016.146684,2.0453810355439916,5.5230901582879826,2.928548187335662,2.5945419709523208,24.764547916925405,23.2613,-4.056671748582179,-2.4774
1725252016.2470863,2.1803333588262115,5.522445031320315,2.928548187335662,2.593896843984653,24.764547916925405,23.1747,-4.056671748582179,-2.38824
1725252016.3466122,2.304621638931005,5.521900666242569,2.928548187335662,2.5933524789069073,24.764547916925405,23.079,-4.056671748582179,-2.28991
1725252016.4466877,2.4418269505648285,5.52130729788326,2.928548187335662,2.592759110547598,24.764547916925405,22.9921,-4.056671748582179,-2.20086
1725252016.5466473,2.5662441162891834,5.520759360352931,2.928548187335662,2.5922111730172688,24.764547916925405,22.9216,-4.056671748582179,-2.12888
1725252016.6470947,2.6669904481271054,5.52028392833745,2.928548187335662,2.591735741001788,24.764547916925405,22.8418,-4.056671748582179,-2.04721
1725252016.7466664,2.7811681126922077,5.519835759407225,2.928548187335662,2.591287572071563,24.764547916925405,22.7701,-4.056671748582179,-1.97377
1725252016.8465853,2.883799956233925,5.519477694399038,2.928548187335662,2.590929507063376,24.764547916925405,22.6903,-4.056671748582179,-1.89167
1725252016.9466727,2.9982890107915336,5.519191868297194,2.928548187335662,2.5906436809615325,24.764547916925405,22.6191,-4.056671748582179,-1.81793
1725252017.047066,3.1007920570532224,5.5190635393707606,2.928548187335662,2.5905153520350988,24.764547916925405,22.5478,-4.056671748582179,-1.74369
1725252017.1470916,3.203725315389477,5.519028887635205,2.928548187335662,2.590480700299543,24.764547916925405,22.4677,-4.056671748582179,-1.6596
1725252017.2466893,3.319858930938993,5.519135742020314,2.928548187335662,2.590587554684652,24.764547916925405,22.3972,-4.056671748582179,-1.58506
1725252017.3465815,3.422455375238734,5.519330555610881,2.928548187335662,2.590782368275219,24.764547916925405,22.3181,-4.056671748582179,-1.50078
1725252017.4466558,3.5380347709850337,5.519662182562753,2.928548187335662,2.591113995227091,24.764547916925405,22.2475,-4.056671748582179,-1.42461
1725252017.5469286,3.6418785351035536,5.520120074534455,2.928548187335662,2.5915718871987936,24.764547916925405,22.1781,-4.056671748582179,-1.34894
1725252017.647011,3.7445325541711707,5.5206920372116635,2.928548187335662,2.5921438498760017,24.764547916925405,22.1007,-4.056671748582179,-1.26381
1725252017.74655,3.859554698563207,5.521425894622643,2.928548187335662,2.5928777072869815,24.764547916925405,22.032,-4.056671748582179,-1.1879
1725252017.8469725,3.9619022531804875,5.522102303838869,2.928548187335662,2.593554116503207,24.764547916925405,21.9542,-4.056671748582179,-1.10133
1725252017.9470236,4.0782472049987035,5.522929544194072,2.928548187335662,2.5943813568584098,24.764547916925405,21.9542,-4.056671748582179,-1.10133
1725252018.0470738,4.0782472049987035,5.522929544194072,2.928548187335662,2.5943813568584098,24.764547916925405,21.9542,-4.056671748582179,-1.10133
1725252018.1466572,4.077849777061511,5.522927463744118,2.9303671213239766,2.5925603424201413,24.764280194463232,21.9542,-4.056377902313276,-1.10133
1725252018.2470634,4.07751862903823,5.522925532416659,2.9321785631926915,2.591199123655022,24.764013281759606,21.9542,-4.056083341799227,-1.10133
1725252018.3470395,4.077187509043503,5.52292333175449,2.934432271721363,2.588940859680608,24.763791803104073,21.9542,-4.055837032707716,-1.10133
1725252018.447112,4.076591548683765,5.522918627356358,2.9389043064109046,2.5852022383257176,24.763351540500178,21.9542,-4.055341985378326,-1.10133
1725252018.5465496,4.075863447977968,5.5229111359394745,2.944062051840702,2.5788490840987723,24.762959624140684,21.9542,-4.054892631866799,-1.10133
1725252018.647048,4.075466617149586,5.522905486019004,2.956745534450531,2.569006756970316,24.762618289833554,21.9542,-4.054487201785881,-1.10133
1725252018.7471404,4.074806216080354,5.522892627103582,2.973247085797531,2.553050046307521,24.762082354263082,21.9542,-4.053813071254532,-1.10133
1725252018.846978,4.073950551888718,5.522868783459626,2.99614839684621,2.531170064354617,24.76172818364995,21.9542,-4.05333346922688,-1.10133
1725252018.946669,4.073285450387836,5.52284095600403,3.015793945860158,2.507047010143872,24.761390216875107,21.9542,-4.052827492226942,-1.10133
1725252019.046928,4.073349997916097,5.522844616980662,3.045256859990896,2.4832352853131874,24.76142388798146,21.9542,-4.05288452665237,-1.10133
1725252019.1470308,4.073856235904692,5.522883084186603,3.0717298445733277,2.4564406242375214,24.76174216003361,21.9542,-4.0535399791082005,-1.10133
1725252019.2469528,4.075032658247638,5.522992731566247,3.0977774185805123,2.4295049772966,24.76227962496882,21.9542,-4.05489415261246,-1.10133
1725252019.3466842,4.076285135652288,5.523141106879794,3.113450567546153,2.4096905393336407,24.76257083948972,21.9542,-4.055844128421728,-1.10133
1725252019.4470398,4.0770250170237565,5.523249104461973,3.1296192676372967,2.3936298368246764,24.76276142865886,21.9542,-4.056683733631098,-1.10133
1725252019.5468793,4.077348156786163,5.523305857757987,3.1383373162176875,2.386237649671851,24.76284909562655,21.9542,-4.057407003060802,-1.10133
1725252019.6470509,4.078164718447539,5.523471482171265,3.1415927823724257,2.382105095017452,24.76288908273809,21.9542,-4.05813454330315,-1.10133
1725252019.7466605,4.078304470626989,5.523506126077613,3.1433320073235698,2.380174118754043,24.76288289156328,21.9542,-4.058333173785212,-1.10133
1725252019.8466704,4.078822540227123,5.523653895170986,3.1500397106378824,2.3736141845331034,24.762802640478352,21.9542,-4.059123860728444,-1.10133
1725252019.9471495,4.078622491580316,5.523589166161804,3.1633749871269936,2.36307363268927,24.76285632953816,21.9542,-4.058797002202817,-1.10133
1725252020.046919,4.078521174872144,5.5235472644602455,3.1807397226620506,2.3466700881108165,24.76291048059069,21.9542,-4.058605837496325,-1.10133
1725252020.1465256,4.078518400299612,5.523547592149514,3.2000984620080293,2.323449130141485,24.762907598394637,21.9542,-4.058604753603854,-1.10133
1725252020.2465546,4.079113574552845,5.523908986873961,3.2252027348392915,2.2987062520346693,24.76224838750714,21.9542,-4.060051312918782,-1.10133
1725252020.347141,4.079362756175583,5.524094022605481,3.256949273964219,2.2729303241700487,24.76187237365042,21.9542,-4.060751621590714,-1.10133
1725252020.4469862,4.079430233196,5.524156844922713,3.2894573084219916,2.241615782528452,24.76177077124253,21.9542,-4.060922605344486,-1.10133
1725252020.5465724,4.0794201577648375,5.524157250142774,3.3233470112288455,2.2008102389139284,24.76172475481557,21.9542,-4.06097078473653,-1.10133
1725252020.646652,4.079459812534088,5.524254182448825,3.3660360013648747,2.1582181810839502,24.761465145102537,21.9542,-4.0612716830696325,-1.10133
1725252020.7471414,4.079462219793405,5.5243516117891,3.4178387816832445,2.1164062066997245,24.760981560781147,21.9542,-4.061724345923143,-1.10133
1725252020.847076,4.07945264323199,5.524465319697114,3.470433371091783,2.0647877574165032,24.76083519616243,21.9542,-4.061859132441489,-1.10133
1725252020.946674,4.07947099396038,5.524433163257797,3.5219139641179664,2.0025191991398303,24.76094302038914,21.9542,-4.061782196550546,-1.10133
1725252021.0465724,4.07954077091308,5.524370462040418,3.5811515472650606,1.9432189147753571,24.761176649692406,21.9542,-4.061656838310879,-1.10133
1725252021.1468625,4.079648293619449,5.524276649278588,3.6539364180129743,1.8835820737658655,24.761407367907935,21.9542,-4.061525565308902,-1.10133
1725252021.2468889,4.079460118751673,5.524398078847637,3.7181279497251825,1.819286120448559,24.761039400853424,21.9542,-4.0616758303175375,-1.10133
1725252021.3470309,4.079376233611772,5.5244422423669555,3.791060312776342,1.7471136451938594,24.760850949760616,21.9542,-4.061738910391775,-1.10133
1725252021.4467115,4.079383356266161,5.524443252524839,3.844628736567119,1.67981451595772,24.760852855922717,21.9542,-4.061746915524268,-1.10133
1725252021.5471053,4.079093848295326,5.524552056993045,3.921498586958388,1.6245088497051632,24.76046275799016,21.9542,-4.061823529913807,-1.10133
1725252021.6470048,4.079173487443922,5.524526120515442,3.9942796619098826,1.5451370464396947,24.760463143447843,21.9542,-4.061827172839663,-1.10133
1725252021.746885,4.079223294959342,5.524515240291078,4.078430912963992,1.469280556791527,24.76066212043835,21.9542,-4.06183339058279,-1.10133
1725252021.846752,4.079360875046942,5.524480063832643,4.141757546871489,1.3827225169611541,24.760728410520088,21.9542,-4.061833914844117,-1.10133
1725252021.9470196,4.0790626272979065,5.52454447225565,4.2263473039115915,1.3149560695749845,24.76026690775743,21.9542,-4.061789222815204,-1.10133
1725252022.047056,4.077567520405175,5.524813568520693,4.322799056202059,1.2196698074556283,24.75786042511742,21.9542,-4.0613259468062095,-1.10133
1725252022.1465173,4.074151592029992,5.525342970228149,4.396107571855376,1.1292353983727725,24.754592096825583,21.9542,-4.060470973133476,-1.10133
1725252022.2466104,4.067310332545407,5.5262371257127505,4.497894702533678,1.0283424231790725,24.747247110455906,21.9542,-4.058000624199549,-1.10133
1725252022.3470144,4.058458909219457,5.5271957730459205,4.592967605957684,0.9342281670882366,24.73833926715924,21.9542,-4.054236578082821,-1.10133
1725252022.4470677,4.048615629678195,5.528072840948376,4.702947373501453,0.8457516047779334,24.726745828025894,21.9542,-4.048250336960367,-1.10133
1725252022.5467494,4.034788096591426,5.529043412097073,4.783405194724647,0.7456382173724254,24.716672071530844,21.9542,-4.042122926815479,-1.10133
1725252022.6465821,4.016918120413975,5.529933713765244,4.900912855696176,0.6290208580690679,24.701829464836415,21.9542,-4.031545608120485,-1.10133
1725252022.7465334,3.99804608509285,5.530503008821149,5.008514261046126,0.5219887477750227,24.687259959579478,21.8856,-4.019335441370815,-1.02469
1725252022.8465805,4.078510364549597,5.531292718678728,5.130027108259714,0.40126561041901354,24.671313629114874,21.8856,-4.003623764000491,-1.02469
1725252022.9465752,4.060435599268735,5.531154358774839,5.2207271699048885,0.3104271888699506,24.659378472767834,21.8856,-3.990038249332377,-1.02469
1725252023.0465777,4.033236528888298,5.53043708140754,5.346022053892792,0.18441502751474825,24.64291017256177,21.8856,-3.9681976881581797,-1.02469
1725252023.146919,4.006611778721338,5.5291933863445815,5.4600095589138835,0.06918382743069795,24.628342781500844,21.8856,-3.945357728433615,-1.02469
1725252023.246901,3.975242156182132,5.527044819096322,5.582533956210376,-0.05548913711405401,24.613088408963137,21.8172,-3.916636953050713,-0.94774
1725252023.34668,4.053543711452644,5.525701322927877,5.6592367230383225,-0.1335354001104454,24.6023719174795,21.8172,-3.8929113041418915,-0.94774
1725252023.4466932,4.018241883852132,5.522114090185497,5.745008304079139,-0.2228942138936425,24.588571407179955,21.8172,-3.8573393470938426,-0.94774
1725252023.546488,3.9854098522091093,5.51832071791999,5.783910705915726,-0.2655899879957362,24.576854445322606,21.7409,-3.8231180677498067,-0.861341
1725252023.646938,4.062773456245675,5.515002697343887,5.791369261093737,-0.2763665637498507,24.563834304484367,21.7409,-3.783184607953682,-0.861341
1725252023.7469568,4.033886992262731,5.511526974032643,5.778939932304485,-0.2711409208272144,24.551089535183543,21.7409,-3.7444158358255346,-0.861341
1725252023.8466115,3.995243390994272,5.50690730380585,5.760724934457612,-0.25381763065176255,24.540081528672705,21.6734,-3.712051880257931,-0.784206
1725252023.9466686,4.053213581323848,5.50333947618949,5.719808134349101,-0.21646865815961114,24.52349742389631,21.6734,-3.666129838363485,-0.784206
1725252024.0466757,4.011596908527763,5.498893874235228,5.67199101197071,-0.17309713773548197,24.506886258920606,21.6734,-3.623971021444138,-0.784206
1725252024.1469247,3.9738680800531916,5.495131383379827,5.60914818685249,-0.12631755190360572,24.487003256291906,21.5982,-3.5783665382447647,-0.697361
1725252024.2465425,4.0455638225832935,5.493466673211461,5.553115320788353,-0.05964864757689181,24.47117821037305,21.5982,-3.545620616909316,-0.697361
1725252024.3465767,3.9983810417984893,5.489927525585566,5.463654742560235,0.026272783025331314,24.447616154182086,21.5317,-3.5023348921600923,-0.619724
1725252024.4465995,4.056100574652415,5.489398800336181,5.390982597240656,0.09841620309552468,24.423753610302217,21.5317,-3.4636610223043913,-0.619724
1725252024.5469413,4.016046973989137,5.487379773814666,5.328016042991964,0.14976479700855716,24.395525622338557,21.5317,-3.422212787931893,-0.619724
1725252024.6467423,3.970989919932278,5.485432021994632,5.299204583976526,0.18622743801810593,24.374090826056356,21.4649,-3.392732354865601,-0.541182
1725252024.7466505,4.025007691094686,5.485920118918655,5.285341531861291,0.20057858705736376,24.344583899665814,21.4649,-3.353317763325958,-0.541182
1725252024.8472228,3.980741518865444,5.484222079266582,5.290117416001274,0.19410466326530784,24.317632247254732,21.3907,-3.317550449160185,-0.452798
1725252024.946953,4.055995696630618,5.485501102396395,5.30844873585068,0.1806418235125289,24.288456644814875,21.3907,-3.278152411283815,-0.452798
1725252025.046656,4.011877917768037,5.483592576951473,5.3296151704618255,0.15397740648964753,24.267506460946407,21.3907,-3.249072130576578,-0.452798
1725252025.1466887,3.9636719549712263,5.481180586173543,5.369681156359557,0.11149942981398553,24.23959457273985,21.3237,-3.208609147382716,-0.372338
1725252025.246568,4.032755695785931,5.481997873350343,5.415554763245236,0.07692361051027508,24.215146484113763,21.3237,-3.170929915664891,-0.372338
1725252025.3469338,3.9854568595141227,5.478912624854,5.476625057912263,0.013232233287823192,24.19012930970457,21.2498,-3.129157786820473,-0.283093
1725252025.4465275,4.058010796234748,5.478922643191233,5.52172842490006,-0.04280578170882787,24.17286386633551,21.2498,-3.0979019199236,-0.283093
1725252025.5466554,4.011807235228421,5.474911818112511,5.581715887673601,-0.10680406956109056,24.150720436203226,21.2498,-3.0542404005273682,-0.283093
1725252025.6469584,3.9785225191424725,5.471675232663079,5.617347532161584,-0.1407521287714042,24.131731294915554,21.1846,-3.01360843431937,-0.203419
1725252025.7468846,4.039637552499011,5.47071883990804,5.6345815036753,-0.1609888928307539,24.111873634013108,21.1846,-2.969220593441862,-0.203419
1725252025.8465984,3.9947694779364937,5.466009222774605,5.633760333338762,-0.16775111056415692,24.097651345312872,21.1208,-2.936972555616547,-0.124275
1725252025.9466362,4.054445084692244,5.46524273629729,5.617757654567404,-0.1525149182701142,24.07949343797941,21.1208,-2.896396585508593,-0.124275
1725252026.0469208,4.018084278408503,5.461600996975069,5.580079919125487,-0.1266608904557538,24.059150792679507,21.1208,-2.852960366876536,-0.124275
1725252026.147136,3.977218309287039,5.457711788115879,5.53598536394564,-0.0872435534574576,24.03951682127591,21.0491,-2.8138930707419116,-0.0340744
1725252026.246604,4.0449430754629905,5.458131171035149,5.487580189973635,-0.02944901893848595,24.020452549832147,21.0491,-2.7786378458583747,-0.0340744
1725252026.3466184,4.002334360733954,5.454926621071897,5.424431055094198,0.030495565977699535,23.997840181732297,21.0491,-2.7402916262678847,-0.0340744
1725252026.4469678,3.963079789730156,5.452314608916347,5.3655926919325205,0.07660933048537633,23.970856311593764,20.9857,-2.6985586468548557,0.0470146
1725252026.5469158,4.020839368165371,5.45402555916969,5.32761623223353,0.12008539399244089,23.94546253531582,20.9857,-2.6618970067344176,0.0470146
1725252026.6469462,3.9734984627228913,5.451537445463502,5.308847625007979,0.1414929535538043,23.917091002158383,20.9152,-2.6226494755652534,0.138691
1725252026.746681,4.043876329262011,5.454362716566622,5.306853257986573,0.14750945858004894,23.896087852000623,20.9152,-2.5939347299821898,0.138691
1725252026.8468566,4.004918553938069,5.4524006131820695,5.318826246161082,0.1367686477446277,23.867557823318236,20.8529,-2.5547200773164773,0.220922
1725252026.9469168,4.0626525072569795,5.45470704448046,5.339215778302121,0.12029276496632235,23.84158293514637,20.8529,-2.5181563091888894,0.220922
1725252027.047026,4.015125431043641,5.452010107283943,5.368878178341059,0.08875065792361969,23.814012023539657,20.8529,-2.477940578630306,0.220922
1725252027.1466925,3.972920177613199,5.4493461352121715,5.388568897571058,0.06077723764111376,23.794914496437094,20.7911,-2.4490303292448674,0.303316
1725252027.246683,4.028475328628088,5.4511113634420365,5.414748184873292,0.03636317856874438,23.76947039850566,20.7911,-2.409233214792316,0.303316
1725252027.346959,3.99569716054307,5.448751345340306,5.447058492956016,0.008566903022074968,23.74731267274008,20.7221,-2.373084548523226,0.396404
1725252027.446969,4.065155440678827,5.450914396993011,5.479058635076054,-0.023683075532545672,23.723887990006574,20.7221,-2.3328313194544585,0.396404
1725252027.5470684,4.023720576169511,5.447513327746776,5.499358374405803,-0.04859472061943393,23.702450196015988,20.7221,-2.294570758350327,0.396404
1725252027.646653,3.977549971460899,5.443492507058033,5.50586173190711,-0.062369224849077476,23.683139506102712,20.6614,-2.2593725001535065,0.479261
1725252027.7470305,4.044108490995907,5.445740771886292,5.50952142649184,-0.06337397195024153,23.661449548952753,20.6614,-2.2195102044502835,0.479261
1725252027.84688,4.002134380989665,5.442052266788628,5.497326814018573,-0.05974441243414841,23.638153478351608,20.5934,-2.176977336633455,0.573246
1725252027.9468744,4.068642370969868,5.44415382351805,5.477436182227404,-0.03815035847146042,23.6160658827847,20.5934,-2.137637960299989,0.573246
1725252028.0466406,4.026467179941504,5.44073515351782,5.458794793926237,-0.01805964040841701,23.59825690704384,20.5934,-2.106916853137287,0.573246
1725252028.1466737,3.980935669500833,5.437128823021764,5.441397240587087,-0.004268417565323368,23.573814735963396,20.5333,-2.0658782498897774,0.657277
1725252028.2470036,4.048758222627428,5.440303562722921,5.431295069896153,0,23.55142958336788,20.5333,-2.029013811789446,0.657277
1725252028.3468926,4.002973377660538,5.436864441685214,5.424027455369089,0.011626141167832671,23.526352257392134,20.5333,-1.9882821172689915,0.657277
1725252028.4466007,3.961346968698684,5.433706383783835,5.422816555711771,0.010889828072063956,23.50801963731276,20.4735,-1.9586956462262743,0.741269
1725252028.5466523,4.0152047683486956,5.436057358027976,5.423623774734153,0.012433583293822714,23.482421392975095,20.4735,-1.917351202786951,0.741269
1725252028.6469717,3.9816062009275393,5.433506520910031,5.425238396759159,0.008268220392650072,23.45929402728237,20.4065,-1.8799313592149374,0.835777
1725252028.7464094,4.039224317003906,5.435950689226047,5.427660644487516,0,23.43370647677808,20.4065,-1.838424568698312,0.835777
1725252028.846557,4.004392289188301,5.433290968323565,5.42846818257493,0,23.414642199977926,20.4065,-1.807372278875995,0.835777
1725252028.9466143,3.9578143725452772,5.4296679391064195,5.427660644487516,0.002007294618903366,23.38909765761846,20.3466,-1.7658390016987222,0.920033
1725252029.0469193,4.023751454403226,5.432992959027698,5.424027407246517,0,23.36547755847808,20.3466,-1.7275554875164751,0.920033
1725252029.1470397,3.9771928927684175,5.429428032024629,5.420798933242741,0.008225609839990433,23.339637848311146,20.2791,-1.6858930533605463,1.01465
1725252029.2466822,4.047580870606698,5.432856104825063,5.419588498631972,0.013267606193091197,23.320847441338945,20.2791,-1.655683950503056,1.01465
1725252029.3466973,4.000859129861317,5.429332302782147,5.419185051734155,0.010147251047992079,23.295018588123995,20.2791,-1.6142487897602347,1.01465
1725252029.4469852,3.966294899827531,5.4266547972854715,5.424027407246895,0.0034346036573200678,23.271188552713983,20.2193,-1.575861484887536,1.09817
1725252029.5469868,4.019226771306586,5.428948310347228,5.428468158500414,0,23.24543003030477,20.2193,-1.5340709771982461,1.09817
1725252029.64667,3.9768479120145375,5.425590977295439,5.433718736502194,-0.008127759206755236,23.226874040099712,20.1591,-1.5037173358799918,1.18195
1725252029.7465763,4.03041489285115,5.427795252746586,5.439376013385276,-0.01158076063869018,23.2013652555041,20.1591,-1.4616964067020959,1.18195
1725252029.8469362,3.996891832392196,5.425084037756801,5.442205759524538,-0.01671745479132536,23.178680046609422,20.0918,-1.424084234830793,1.27553
1725252029.946948,4.066830435584445,5.428282457279959,5.439376013385276,-0.012710546348291274,23.153334077914998,20.0918,-1.3820421991893868,1.27553
1725252030.0466228,4.019416837873104,5.424499072678953,5.435334785325516,-0.010835712646563245,23.13443728752485,20.0918,-1.3508877225150686,1.27553
1725252030.1466527,3.9768603189495146,5.421063153307123,5.430891210696685,-0.009828057389562161,23.11113347803001,20.0317,-1.3127210204542452,1.35903
1725252030.247096,4.038510703732975,5.42401798910918,5.425567234318651,0,23.08535941689032,20.0317,-1.270770080526874,1.35903
1725252030.347055,3.9958624225855566,5.420649682087447,5.424027359124323,-0.003377677036875859,23.061864880915355,19.964,-1.2327839371002687,1.45309
1725252030.4465876,4.06207978319114,5.4237645509761405,5.421202494324599,0,23.040881294586036,19.964,-1.1989457584385494,1.45309
1725252030.5466704,4.019417774019844,5.42044682293005,5.418378190649432,0,23.017255888950363,19.964,-1.160977275090019,1.45309
1725252030.6470323,3.980315554066152,5.4173570432572555,5.415554739176123,0.0009956878152825865,22.990755597278177,19.9036,-1.1185554716966406,1.53696
1725252030.7471092,4.037969157649452,5.420149206294679,5.411925708971924,0,22.966893709870387,19.9036,-1.0805785928308707,1.53696
1725252030.846657,3.990534006722496,5.416464690070642,5.409910114091635,0.0065545759790071045,22.945225714357928,19.8429,-1.0462307929081287,1.62089
1725252030.9465773,4.048834868837938,5.419301518281222,5.407088921395915,0.012212596885307292,22.92151568823424,19.8429,-1.0087847402057033,1.62089
1725252031.0466,4.002515280090524,5.415733910522343,5.407894896693032,0,22.89555055912589,19.8429,-0.9678265026758944,1.62089
1725252031.1469562,3.968274816534824,5.413020530951578,5.41192569246553,0.0010948339804031093,22.871587401901163,19.7742,-0.9298350959741514,1.71566
1725252031.2466722,4.035327078212545,5.416319045735863,5.411925690963649,0,22.850347867802917,19.7742,-0.8960786782691275,1.71566
1725252031.3466196,3.992499598148789,5.412945206048296,5.41111940993564,0.0018257961126559863,22.82640101905703,19.714,-0.8580769680069228,1.79839
1725252031.4466097,4.0455124073948445,5.41535219637152,5.410313197146112,0,22.800442279432886,19.714,-0.8169579107213935,1.79839
1725252031.5469356,4.011077421734581,5.412656776288661,5.409103946723495,0,22.77640423373507,19.714,-0.7789354160629808,1.79839
1725252031.6466396,3.9642409268754553,5.408913522898862,5.408297889766767,0.0006156331320950059,22.75487611391892,19.647,-0.7448910670690171,1.89064
1725252031.7465718,4.032517033769972,5.4124328506493695,5.410313221172507,0,22.73112517840443,19.647,-0.7073141011297351,1.89064
1725252031.8466816,3.9857601815747317,5.408701774092835,5.409910114105935,-0.0012083400131004396,22.704924420358154,19.588,-0.6657994114478594,1.9716
1725252031.9470408,4.048724617293122,5.411979165030497,5.4078949567593755,0,22.680884248353788,19.588,-0.6277782575127564,1.9716
1725252032.046513,4.005983279454707,5.408603542827696,5.40749189524234,0,22.66169221233276,19.588,-0.5975084482978986,1.9716
1725252032.1466267,3.958465835238466,5.404768870844105,5.406282996628937,-0.001514125784831677,22.634945725394235,19.5079,-0.5553692351217824,2.08153
1725252032.2468932,4.056118858676046,5.410304023734842,5.404268542621838,0,22.61086319632493,19.5079,-0.5175318892097818,2.08153
1725252032.3470263,4.00946095716448,5.406626027315101,5.405477110408297,0,22.58443223294686,19.5079,-0.4760062161298724,2.08153
1725252032.4466438,3.966393288363784,5.403145731063573,5.405074238813365,-0.001928507749791919,22.56505353039644,19.4352,-0.44554103373883264,2.18135
1725252032.5466068,4.038785651246166,5.406935162237286,5.402657146363891,0,22.538377696677987,19.4352,-0.4036215123289485,2.18135
1725252032.6469843,4.004514987345921,5.404215448706335,5.399032616554961,0,22.514142954305886,19.4352,-0.3657240979009042,2.18135
1725252032.7470741,3.957666563017471,5.4004755344350475,5.3853514453861475,0.011906660869868801,22.48742225622515,19.3547,-0.32446336344238436,2.29208
1725252032.8470745,4.048210702376868,5.4057574989833,5.372090361720076,0.03085563824503801,22.463284339728702,19.3547,-0.2879254125215028,2.29208
1725252032.9466372,4.001081664734363,5.402285056503793,5.364463206224427,0.03782185027936613,22.440782950151103,19.3547,-0.25443654474503036,2.29208
1725252033.0469637,3.9677193991238213,5.399817092489938,5.3584459396277015,0.040569063399407135,22.416354980835088,19.2954,-0.21841147084517462,2.37328
1725252033.1470284,4.018377859868048,5.402651373300895,5.359248032078663,0.043804394199156604,22.389006632513702,19.2954,-0.17820324850512195,2.37328
1725252033.2469356,3.9757958570284924,5.399516342892905,5.3640619215957415,0.035855665625036615,22.364116974179197,19.2356,-0.1414506594537602,2.45481
1725252033.347069,4.027863586331108,5.402342661928401,5.365667110649593,0.03667555127880817,22.34219249176988,19.2356,-0.10893104779931374,2.45481
1725252033.446676,3.9868510670842485,5.3992904678460105,5.364864507273628,0.03442596057238223,22.318291564738573,19.1692,-0.07342933752334271,2.54572
1725252033.5470092,4.058666516100578,5.403508748748111,5.361253532133734,0.0426563220511218,22.2916650796812,19.1692,-0.03409236548778363,2.54572
1725252033.6469522,4.017160613068054,5.400487798730844,5.36165470183777,0.03843195857074466,22.267334093306506,19.1692,0.0018383940687457508,2.54572
1725252033.747133,3.9704905967773882,5.397009345219757,5.3640619215957415,0.032947423624015926,22.244976974823324,19.1087,0.034865249074661236,2.62843
1725252033.847066,4.027220355632839,5.40020784652974,5.374500152263562,0.025707694266177583,22.220261541456882,19.1087,0.07173514794002799,2.62843
1725252033.9471116,3.9928589581642657,5.397552240124515,5.383743103523538,0.014613151382710576,22.193088487333334,19.0408,0.11293776860910922,2.72193
1725252034.0470815,4.057337959939527,5.401135484200558,5.387362251075469,0.014979855620259386,22.168276288722268,19.0408,0.15080628597743367,2.72193
1725252034.1473827,4.014262294820131,5.397756656187325,5.39098269318577,0,22.148587179122035,19.0408,0.18107175505612022,2.72193
1725252034.246678,3.9673950438915346,5.393985975013732,5.387362251075469,0.0066237239382624935,22.121750243317784,18.9792,0.22233622650495413,2.80668
1725252034.347172,4.034528768371269,5.397967160803119,5.384949341878149,0.012615691434681331,22.097094546854372,18.9792,0.26004030364687186,2.80668
1725252034.4470072,3.9869112544967082,5.394203713189318,5.384949341878149,0.009656434842706396,22.06985704791474,18.92,0.30159708281918846,2.88839
1725252034.5466762,4.041299586586876,5.397252648539888,5.388971144977959,0,22.05000792192035,18.92,0.33199551611002054,2.88839
1725252034.6466799,3.9937686703965696,5.3934282813960905,5.394604352652915,-0.0011760712568245069,22.02283393770749,18.8521,0.37390998463860653,2.98223
1725252034.7470584,4.071961648603144,5.398127367585354,5.395811882069106,0,21.998716872274137,18.8521,0.41125302471875147,2.98223
1725252034.8470972,4.025466284853013,5.3943924355941,5.395811870072755,0,21.972376318993344,18.8521,0.4521285501839226,2.98223
1725252034.9466798,3.9829234199755885,5.390897830852577,5.395006843116227,-0.004109012263650236,21.952843633994142,18.7923,0.48241642982424787,3.06498
1725252035.0466824,4.034562081396015,5.393728050744349,5.393799428287134,0,21.926065501365525,18.7923,0.5238768987682082,3.06498
1725252035.146924,4.000063868455539,5.390912600301633,5.393396989900747,0,21.90149275901432,18.7923,0.5618720238609869,3.06498
1725252035.247062,3.952587217461578,5.386953337622513,5.39420188254025,-0.00724854491773641,21.87408153002338,18.726,0.6042643184182402,3.15728
1725252035.3470187,4.018637759529582,5.3909680119577175,5.399435252437076,0,21.849358885311016,18.726,0.6426357783504532,3.15728
1725252035.446675,3.9712283000438116,5.3869768377220435,5.402254432603155,-0.015277594881111689,21.827388052348123,18.6537,0.6769480948265874,3.25839
1725252035.5470223,4.056039938606364,5.392379483908441,5.405477110422591,-0.013097674544601645,21.802756210939584,18.6537,0.7156137832032988,3.25839
1725252035.6469724,4.009068392220733,5.388412189901743,5.4107162477220205,-0.022304057820277556,21.77616424566012,18.6537,0.7576649326409443,3.25839
1725252035.7470756,3.9661358730251393,5.384673329278232,5.408700934485619,-0.026043014553080113,21.75196091054955,18.5745,0.796053168415039,3.36996
1725252035.8467343,4.050165343633913,5.389998863769005,5.400971464844457,-0.010972601075452282,21.72987602396244,18.5745,0.8307787425518051,3.36996
1725252035.946645,4.00750791353134,5.386445106618352,5.399032664569721,-0.012587557951369455,21.705551615874942,18.5745,0.8686332608986828,3.36996
1725252036.0471053,3.973183001393393,5.383532824929953,5.394604328663046,-0.011876539489978022,21.678612621944357,18.5166,0.9104629592755961,3.45164
1725252036.1469784,4.022449503737462,5.386548203422788,5.392994543402183,0,21.654060712508098,18.5166,0.9483926436430185,3.45164
1725252036.2470493,3.9791750867559825,5.382918246068871,5.395006886599578,-0.010881158230284349,21.626956738770605,18.4587,0.9902735673780295,3.53346
1725252036.3466353,4.028032235329832,5.385912212321246,5.396616988850915,-0.010704776529668614,21.60712651763723,18.4587,1.0210002188502698,3.53346
1725252036.446985,3.994080482162257,5.383049194835349,5.395811882072676,-0.013165220717329618,21.582934664604586,18.3936,1.058531531891957,3.62524
1725252036.5470586,4.055466581357561,5.386903731948521,5.391384988259999,0,21.55605745005943,18.3936,1.1000857026906354,3.62524
1725252036.6469784,4.012866954237554,5.383373176138721,5.393799416296714,0,21.531695179200398,18.3936,1.1376646237914452,3.62524
1725252036.7466857,3.9662666473503845,5.379398930996259,5.39339697940999,-0.013998048413730757,21.50979630244566,18.3353,1.1715505896409695,3.70708
1725252036.8466494,4.020523966513885,5.382842435820303,5.390580318110269,0,21.485541331972048,18.3353,1.208962205409936,3.70708
1725252036.9470391,3.982988223193416,5.379675451081862,5.3897757116571725,-0.010100260575310216,21.45903958829273,18.2701,1.2497334089914234,3.79851
1725252037.0468767,4.04815653923563,5.383875745627569,5.390982645226644,0,21.434519965920497,18.2701,1.2874471363536708,3.79851
1725252037.146664,4.001901715375853,5.379990916710954,5.39420188254382,-0.014210965832866407,21.412827731898137,18.2701,1.3209144432784066,3.79851
1725252037.2466538,3.9590000102397025,5.376273870635204,5.395409364423502,-0.01913549378829771,21.38822576585368,18.2116,1.3590484222338393,3.88056
1725252037.3471465,4.01764858320489,5.380121287684998,5.388568873568747,-0.010056671274155882,21.361237763004464,18.2116,1.400688682501324,3.88056
1725252037.4470472,3.974727775251532,5.376484139226449,5.38374310351284,-0.008063139109465212,21.33665680311242,18.1394,1.4382833174278826,3.98196
1725252037.5466654,4.047302192112527,5.3813123800383655,5.382135042342143,0,21.31446714650127,18.1394,1.4720588765516784,3.98196
1725252037.6466918,4.00491634912961,5.377823647102822,5.378919596240388,0,21.28986142156984,18.1394,1.5093201566896592,3.98196
1725252037.7469895,3.966574585240653,5.374600183119749,5.3809290454371785,-0.00592705524885595,21.262583144052584,18.0743,1.5506416014453017,4.07355
1725252037.8466897,4.031657173932482,5.379012732017895,5.381732995340355,0,21.24283499943686,18.0743,1.580630922800557,4.07355
1725252037.9466398,3.9847486650879866,5.375077956162296,5.382938992881958,-0.007861036719662096,21.215639635905536,18.0021,1.6219776033921873,4.17524
1725252038.0466619,4.061935110094559,5.380343946018062,5.3833410880962775,0,21.19108448791222,18.0021,1.6593515337769587,4.17524
1725252038.1470785,4.02814231320767,5.3775422440452125,5.382135042342143,0,21.16414587183185,18.0021,1.7003912793337594,4.17524
1725252038.2466738,3.9814544194726924,5.373596079900054,5.3833410880962775,-0.009745008196223814,21.144469123891422,17.9371,1.7303482675192996,4.26674
1725252038.3466933,4.046531260800837,5.378001543054086,5.382939040806533,0,21.11985323555474,17.9371,1.7678408251223399,4.26674
1725252038.4467049,3.999527770184031,5.3740482119992805,5.383341064136599,-0.009292852137318341,21.092622789653085,17.8791,1.8093230006990542,4.34835
1725252038.546931,4.061415504290615,5.378271353972906,5.38454724239031,0,21.068016915839873,17.8791,1.8468221354975969,4.34835
1725252038.6466677,4.014914735775281,5.37437441098635,5.38414517242275,0,21.045957843617863,17.8791,1.880445679759542,4.34835
1725252038.7466826,3.97248010130757,5.370737717362691,5.382939040810099,-0.012201323447407653,21.02134594665309,17.8139,1.917940864478401,4.44006
1725252038.8466682,4.033520512816196,5.374855917491953,5.383341064136599,0,20.99423939756578,17.8139,1.9591873624790908,4.44006
1725252038.9470491,3.999473191746076,5.37196425585053,5.384547278339481,-0.011778847665876668,20.969480114411425,17.7422,1.9969027942960536,4.54133
1725252039.0466344,4.070877144848609,5.3768285954554855,5.386960043556858,-0.010131448101372342,20.947048723619794,17.7422,2.031153634251302,4.54133
1725252039.1466794,4.028394010111735,5.373226626855413,5.390178006907349,-0.016951380051936304,20.922529974045485,17.7422,2.0687888867135196,4.54133
1725252039.246689,3.9822084851377615,5.369221160539171,5.386960091500536,-0.017738930961365362,20.895832389253794,17.6637,2.109748791701048,4.65314
1725252039.347048,4.078839824885313,5.37628242450438,5.384145134977192,0,20.871361410428495,17.6637,2.147177877462977,4.65314
1725252039.4466693,4.032222092778891,5.372385504811748,5.37932143468546,0,20.84913272134059,17.6637,2.1809277552065147,4.65314
1725252039.546676,3.98900264616225,5.36871433291085,5.377237849782492,-0.008523516871642656,20.823946982016512,17.5928,2.219011588484914,4.75573
1725252039.6466835,4.06122955714642,5.374163784902548,5.375303489660488,0,20.79671547182292,17.5928,2.260031467473802,4.75573
1725252039.7470324,4.027623617277477,5.371378445474268,5.3736967839210275,0,20.7722009517313,17.5928,2.2968763120510194,4.75573
1725252039.8466585,3.9809335412550793,5.367433385018923,5.373295171970843,-0.005861786951919967,20.749763411454758,17.5362,2.3305673500679083,4.83858
1725252039.9466732,4.033864947185012,5.371591359676197,5.3720903377873555,0,20.724893657207886,17.5362,2.3678920041959692,4.83858
1725252040.0466704,3.987082187856106,5.367669231189694,5.369279659179547,-0.0016104279898527807,20.697466479910364,17.4728,2.4089259884760192,4.93258
1725252040.147102,4.060168408177236,5.373649449513788,5.366871162373208,0,20.672061899014395,17.4728,2.4467696614090353,4.93258
1725252040.2466729,4.017455406752667,5.3701554042732065,5.365667110638916,0,20.652052317232076,17.4728,2.476505357685417,4.93258
1725252040.3466818,3.9709457202502376,5.366274315290627,5.364864483344176,0.0014098319464510567,20.62464462519189,17.4168,2.517153459650933,5.01624
1725252040.4465723,4.024309179960453,5.370803898473881,5.365265780393884,0,20.599879980232757,17.4168,2.553910571317599,5.01624
1725252040.5470796,3.985585294004718,5.367587623426428,5.364463206224428,0.0031244172019997407,20.572112560428426,17.3545,2.5951151518801514,5.11021
1725252040.647061,4.049573293151944,5.3730896520895,5.366068436879837,0,20.546783583495404,17.3545,2.63269030029167,5.11021
1725252040.7466683,4.0022715512819325,5.3692050130434215,5.3652657768397365,0,20.524060404773373,17.3545,2.6664292384148793,5.11021
1725252040.8465874,3.9599898706826977,5.365650959032053,5.365667110635357,-1.6151603303704576e-05,20.499149584007007,17.2994,2.7034073970194124,5.19368
1725252040.947068,4.016414366340692,5.370621590051374,5.364864459421841,0,20.47175816474325,17.2994,2.744066472461799,5.19368
1725252041.0470932,3.9739199073263216,5.367082464742695,5.366469779485769,0.0010140517845620423,20.44658342551174,17.2249,2.7814259961729615,5.30825
1725252041.1466804,4.056231906253216,5.374436534897273,5.368075313380821,0,20.424192827788303,17.2249,2.814749913902362,5.30825
1725252041.246673,4.013645582228965,5.370948785164585,5.3676739293262825,0,20.39918962139224,17.2249,2.8519853035009413,5.30825
1725252041.3470743,3.975448211144677,5.367748314874829,5.369279754893956,-0.0015314400191268618,20.37166141436359,17.1579,2.8930313677366017,5.41323
1725252041.4465363,4.049744117893954,5.37465498937363,5.368476713759064,0,20.346393589708434,17.1579,2.9306772416763263,5.41323
1725252041.546952,4.0026222907349664,5.3707829998078065,5.3688782261643695,0,20.318603031674126,17.1579,2.9721057636271353,5.41323
1725252041.6466725,3.95928801787532,5.367127430862551,5.370082574088039,-0.002955143225488399,20.298435866715867,17.1045,3.002214430087125,5.49819
1725252041.7470195,4.014836406417731,5.372568600252743,5.368476761610599,0,20.270692072958543,17.1045,3.0435945409986633,5.49819
1725252041.847095,3.9717734470232755,5.368982742365346,5.366469779482209,0.0021115799992577067,20.24538132749336,17.045,3.0812618180344873,5.59392
1725252041.9469836,4.030024870786613,5.37486091904288,5.366469779482209,0,20.21750540431828,17.045,3.1227128056540723,5.59392
1725252042.0466497,3.987547955337993,5.3713731965327565,5.367272513749792,0.004100682782964604,20.197613703562887,16.9922,3.1522882644125634,5.67974
1725252042.1466804,4.035222705950379,5.376348504211757,5.36646976752087,0,20.170173515276648,16.9922,3.193074235805365,5.67974
1725252042.2471073,4.001093950089618,5.373570741968156,5.365667104651615,0.007100962485947271,20.145100522847283,16.9337,3.2303425415461224,5.77602
1725252042.3470044,4.06397580264819,5.380003582663218,5.364061937273363,0.015540382421798782,20.117693812342846,16.9337,3.270991308734462,5.77602
1725252042.446548,4.017370908773753,5.376291740983248,5.365667098671433,0.010624642311815258,20.097754704183302,16.9337,3.3005348258175378,5.77602
1725252042.5466478,3.974523758745705,5.372756186555746,5.374098483910886,-0.0013422973551397988,20.07264785620403,16.87,3.338019699576263,5.88251
1725252042.6470103,4.051173367255824,5.380612286602882,5.382537033551212,0,20.04483806797501,16.87,3.3800721238503506,5.88251
1725252042.747002,4.008091446996879,5.3770209905339765,5.384949341878151,0,20.020079801250326,16.87,3.4178674417316075,5.88251
1725252042.8466923,3.9613197281676578,5.373013507463796,5.3873622031298884,-0.014348695666092759,19.99789438022135,16.8148,3.4518041899625143,5.9764
1725252042.9465735,4.0202614242270585,5.379397613552288,5.388971144977963,0,19.973421922025814,16.8148,3.489311446525045,5.9764
1725252043.0470147,3.982067697437336,5.376147956866677,5.389373384376141,-0.013225523419662544,19.94656020217521,16.7544,3.5305597842152916,6.08122
1725252043.1470132,4.052224587186028,5.38377797911833,5.390580294126305,0,19.922249281907632,16.7544,3.567935083126357,6.08122
1725252043.2466922,4.005072356969449,5.379827156835891,5.391310449955035,-0.0114832931191442,19.90002367394641,16.7544,3.6021765783414157,6.08122
1725252043.346693,3.962682572027882,5.376190441767209,5.39138501223873,-0.01519457047152084,19.87562986763036,16.6906,3.6397496888830108,6.19513
1725252043.4470036,4.044816433460287,5.3853874329981455,5.389373384376141,0,19.848518972359752,16.6906,3.6814681945000025,6.19513
1725252043.5468712,4.002398373426137,5.381868430387711,5.387764426622936,0,19.824136877051803,16.6906,3.718876198898438,6.19513
1725252043.646494,3.9546931743084093,5.377820667135606,5.38856892153075,-0.010748254395143597,19.801560712615423,16.6338,3.7535072716726154,6.29891
1725252043.746608,4.020046116379713,5.385721962309945,5.38856892153075,0,19.77646132698652,16.6338,3.792029356314917,6.29891
1725252043.8469813,3.981266626748015,5.382491561312618,5.388568897555102,-0.005675104779664153,19.749193213018227,16.5714,3.8338826927930167,6.41417
1725252043.9470131,4.060147370746571,5.391756313276846,5.386155724460031,0,19.725288317817917,16.5714,3.870494588827431,6.41417
1725252044.04691,4.014023064217517,5.388046376140763,5.384547242397446,0,19.698734113993186,16.5714,3.9110733828992186,6.41417
1725252044.14699,3.972020619875616,5.384608498931653,5.38173305150593,0.002875447425723543,19.679273559112826,16.5146,3.940696785007679,6.5192
1725252044.246951,4.048590199367993,5.393470043086373,5.379723385075657,0.013746653519226548,19.652547412763198,16.5146,3.981241909763711,6.5192
1725252044.346933,4.001621475672944,5.389756287760395,5.380929141277859,0.010032890707431186,19.627914399220405,16.5146,4.018564564833239,6.5192
1725252044.4470446,3.9592149410385007,5.386296770340926,5.386557876014054,0.0005431814318237471,19.600890363075013,16.4521,4.059785950248341,6.63446
1725252044.5465376,4.033716863181683,5.395149756104937,5.392189746029566,0,19.581593886766523,16.4521,4.089437456876413,6.63446
1725252044.6470354,3.9993397084207922,5.392347724899065,5.396616988847348,-0.0046718050738050465,19.557139460378224,16.3958,4.12735124489046,6.73836
1725252044.747066,4.061560748855048,5.399705735496939,5.395811858079979,0,19.53030568756309,16.3958,4.169012322545155,6.73836
1725252044.8466983,4.018751938107162,5.3962854734478025,5.394604328666619,0,19.510801878997306,16.3958,4.1992399882866245,6.73836
1725252044.947118,3.9718843643536967,5.392465378971098,5.392994543405756,-0.0005291644346581137,19.484038109793254,16.3338,4.240630875171215,6.85292
1725252045.046672,4.0496660032755605,5.40138891909128,5.392592064819893,0,19.45966512581668,16.3338,4.278281782057737,6.85292
1725252045.1469998,4.011330323871958,5.39836534171709,5.392189794001521,0,19.432789408242126,16.3338,4.319708342116776,6.85292
1725252045.2465158,3.9682505933355654,5.394886022818061,5.393397037878387,0.0014889849396739763,19.413163148333542,16.2774,4.3500146138150955,6.95774
1725252045.3470342,4.0312941666776085,5.402464371760768,5.392189794001521,0.01027457775924745,19.386326093050375,16.2774,4.391436976925865,6.95774
1725252045.4467213,3.988544272312325,5.399080807963351,5.39339698990432,0.005683818059030621,19.361931003485463,16.2156,4.42907357266475,7.07293
1725252045.546943,4.0711824531386585,5.408317577205614,5.395811858079978,0.013310738584090487,19.335179755012124,16.2156,4.470472540834426,7.07293
1725252045.6468692,4.028643269121486,5.405019979387054,5.398629948477886,0,19.315917436645933,16.2156,4.500382938843093,7.07293
1725252045.7465847,3.981398351880083,5.4012317064811874,5.401448860145283,-0.00021715366409580383,19.28916844473684,16.1589,4.542177176852038,7.17851
1725252045.846716,4.0496742412043085,5.409039577989616,5.402254408596566,0,19.264982475607248,16.1589,4.580027151374819,7.17851
1725252045.9466698,4.002891815612416,5.405344292937944,5.403462807113265,0,19.238570785271516,16.1589,4.621407979774374,7.17851
1725252046.0466583,3.96883710305782,5.402594488507214,5.4034628116152446,-0.0008683231080306442,19.2193305575568,16.0965,4.651568617027105,7.29415
1725252046.146614,4.044028211241224,5.411077617558927,5.404671370890919,0,19.19295712971384,16.0965,4.692973839652683,7.29415
1725252046.246744,4.0012080493183335,5.407705328299736,5.4038656460205985,0,19.168831917032097,16.0965,4.730862570639864,7.29415
1725252046.3467183,3.9541383860926245,5.403917242496073,5.4038656460205985,5.1596475474369186e-05,19.14226334454976,16.04,4.772536225971901,7.39909
1725252046.4467063,4.030669968243288,5.412311674573083,5.4030599718959245,0,19.123027160024513,16.04,4.8026994431982075,7.39909
1725252046.546674,3.987693675672415,5.40894166811359,5.4030599718959245,0.005881696217665322,19.098794160844985,15.9783,4.840676598577471,7.51439
1725252046.6466956,4.062197598751852,5.417320803684475,5.402657146379338,0.014663657305137079,19.07229608073193,15.9783,4.882159466076201,7.51439
1725252046.746585,4.019792692409588,5.4140746198204495,5.405880093739848,0,19.048437501228232,15.9783,4.919589619719929,7.51439
1725252046.8470008,3.9810011546847455,5.411014285762388,5.407894860709807,0.002716347918418016,19.02187498495641,15.9224,4.96150264853665,7.61973
1725252046.9467432,4.048622665838752,5.418671120792649,5.411522539704324,0,19.00251137694446,15.9224,4.992134255605407,7.61973
1725252047.0465531,4.001048826353725,5.414975712073989,5.409103946757203,0,18.97589328413408,15.9224,5.034276369664583,7.61973
1725252047.1465404,3.957956690902975,5.411562168259665,5.407491895276043,0.0040702729836219476,18.95171941141614,15.861,5.0724481014499,7.73626
1725252047.246914,4.041403106335076,5.4208207352684745,5.40708894546287,0.013731789805604855,18.9250766835349,15.861,5.114467142354967,7.73626
1725252047.346619,3.998410444208769,5.417528297642743,5.407491895276043,0.010036402366700337,18.90587456776742,15.8054,5.144730539059812,7.8417
1725252047.4467247,4.062037750786941,5.424784905706322,5.415554739224161,0,18.879541866080285,15.8054,5.186553586705498,7.8417
1725252047.5469353,4.027564958129348,5.422130321575794,5.420798921251674,0,18.855604144881287,15.8054,5.224951927469472,7.8417
1725252047.6469636,3.980517509118825,5.418404273138693,5.420798921251674,-0.002798149080071255,18.829667006841674,15.7441,5.266709850508215,7.9579
1725252047.7471735,4.060227134729537,5.427051394653486,5.420798921251674,0,18.81084853073868,15.7441,5.296979513625753,7.9579
1725252047.8466487,4.013025058642754,5.42342270472993,5.419185053270817,0,18.784719544072335,15.7441,5.338930181636294,7.9579
1725252047.9470239,3.9792647497748552,5.420776637107311,5.417571428911641,0.0032052081956699396,18.761298152791706,15.6889,5.376479389904657,8.06263
1725252048.0470643,4.042651849628914,5.427934374891219,5.417974821622727,0.01036294297419893,18.73529629205292,15.6889,5.4181189566615995,8.06263
1725252048.1467032,3.999799148183217,5.424641970834953,5.420395435669639,0.004246535165314036,18.71631348604345,15.6287,5.448598475643526,8.17729
1725252048.246645,4.073595267921133,5.43267700256636,5.42564204245688,0,18.690478486935383,15.6287,5.490341748959588,8.17729
1725252048.3469343,4.039041430996579,5.430039220250921,5.427256874296152,0,18.666735036979148,15.6287,5.528938336263075,8.17729
1725252048.446952,3.9961742327216725,5.426699905369928,5.428871998590215,-0.0013644764937401632,18.64098165198488,15.5739,5.570809834312529,8.28224
1725252048.5466757,4.059729272547115,5.433770516171696,5.425238396786136,0,18.62232654905517,15.5739,5.601102677632586,8.28224
1725252048.6467116,4.016834535125787,5.430525909958262,5.42241301735838,0,18.598708573836632,15.5739,5.639231718850734,8.28224
1725252048.7469227,3.9775777596868505,5.4275023624208725,5.422816651958594,0.005896471961594152,18.572262042834204,15.5148,5.681843099290033,8.39638
1725252048.846939,4.05351057455697,5.43586070933087,5.423220205689845,0.013522381129083882,18.54806220099832,15.5148,5.720887489544317,8.39638
1725252048.9466732,4.0051919260083295,5.4322213703917415,5.425642042452028,0,18.52636884563363,15.5148,5.755922567627491,8.39638
1725252049.046667,3.96243782696072,5.4288744408699,5.431294973621968,-0.0024205327520681053,18.50294772870736,15.4616,5.794095103231347,8.50042
1725252049.1469011,4.03259881542202,5.4366563176837115,5.434930774529593,0,18.477304930778338,15.4616,5.836112037968204,8.50042
1725252049.2470207,3.9902216603111924,5.433363907233703,5.438163525146469,-0.0043954050015067025,18.45426989630337,15.4026,5.874054571502119,8.61619
1725252049.347009,4.064027301059166,5.441525292122467,5.440184430265884,0,18.428792406875264,15.4026,5.916171961249929,8.61619
1725252049.4466493,4.021947418593245,5.438298065584727,5.442610089729827,0,18.410599456974403,15.4026,5.946358487568819,8.61619
1725252049.5469985,3.9838461848619175,5.435298143914926,5.445440699968958,-0.009333725103263468,18.385390357068697,15.3493,5.988328225193282,8.72087
1725252049.6468852,4.050496022021855,5.442623149474062,5.4454406879161965,0,18.36243019211581,15.3493,6.026625433921927,8.72087
1725252049.7468262,4.003566673983189,5.438989638237961,5.443418752891608,0,18.33710748308561,15.3493,6.068836063758216,8.72087
1725252049.8466644,3.961087782514326,5.435643387339526,5.442205771602685,-0.006562384263159693,18.31875261117919,15.291,6.0993117590399875,8.83608
1725252049.946928,4.042089093456936,5.444412162599418,5.441801468474734,0,18.292951756973544,15.291,6.142162553661544,8.83608
1725252050.046959,3.9989694364297352,5.441110824866307,5.442610065625692,-0.0019036100327252115,18.2697252784163,15.2386,6.180763501283609,8.9404
1725252050.1468618,4.060677669686036,5.448097212347735,5.445440675858574,0,18.244302722901164,15.2386,6.223068725465694,8.9404
1725252050.2469592,4.01754220305538,5.4448238104321955,5.4478675030758055,0,18.221251474838798,15.2386,6.261620261911473,8.9404
1725252050.346613,3.9703526671262312,5.441146233111212,5.446654022307431,-0.005507789196219193,18.200493321754884,15.181,6.296371208193793,9.05685
1725252050.4469302,4.05652832288791,5.450440053880145,5.447462978500668,0,18.177254881988155,15.181,6.335273965119975,9.05685
1725252050.546933,4.013121286685907,5.4471586787742075,5.447867551297527,0,18.151816115894597,15.181,6.377878379886921,9.05685
1725252050.6467745,3.9662283116521766,5.443517774894056,5.451103994432367,-0.007181720645141887,18.12897480910904,15.1304,6.416246589933513,9.16147
1725252050.746574,4.030932049631802,5.451107942766156,5.455151149229536,0,18.110596009056096,15.1304,6.44727676141971,9.16147
1725252050.847021,3.99252720624063,5.448135302445187,5.4567703672914964,-0.009039978631690815,18.0857090565375,15.0754,6.489515245737875,9.27841
1725252050.9469793,4.068947243794009,5.457066158945702,5.4571752810768785,0,18.062551366713805,15.0754,6.5288509871490445,9.27841
1725252051.046912,4.021227459340146,5.453471214417432,5.457580064811294,0,18.037442620784272,15.0754,6.5714970409171185,9.27841
1725252051.1466725,3.978186133945297,5.450145387563401,5.458389821246597,-0.008244433683196384,18.0191762911742,15.0258,6.602565074778193,9.38614
1725252051.246548,4.040213406015036,5.457986298816254,5.455555907477108,0,17.994075322823267,15.0258,6.645215708075457,9.38614
1725252051.3469248,4.005835240104575,5.455409170415542,5.454341628802922,0,17.971261093964312,15.0258,6.6838310610737945,9.38614
1725252051.447114,3.9589422598020434,5.451818226135091,5.455555919540938,-0.0037377054696774437,17.946432670591516,14.9725,6.725873315395143,9.50401
1725252051.5466678,4.035632305104692,5.461274876376274,5.45717522678173,0,17.928390128972215,14.9725,6.756458062829522,9.50401
1725252051.6466413,3.9883094006673314,5.457722392337302,5.459604614512598,-0.0018822221752961,17.90335629541692,14.925,6.799071322124581,9.6113
1725252051.7469096,4.0615952819891925,5.466618244817438,5.460819503815333,0,17.880533980852462,14.925,6.8379894119807485,9.6113
1725252051.847053,4.014339751835682,5.463147395637304,5.459604614512598,0,17.85564734769388,14.925,6.880458607317992,9.6113
1725252051.9466712,3.971239740691083,5.459921228118952,5.457175184552169,0.002746043566782319,17.8373831438106,14.8741,6.911527879673534,9.72989
1725252052.046702,4.041459218426663,5.469321992438318,5.457580064806429,0.011741927631889304,17.81202064135252,14.8741,6.954639575385917,9.72989
1725252052.1469986,4.007234403194629,5.466848931480699,5.458794745673296,0.010078564190098227,17.789402843155514,14.8293,6.993063123405183,9.83869
1725252052.2470102,4.067072666854362,5.4753558650254055,5.465275290533123,0.010890877681926092,17.764469732859244,14.8293,7.035735355633265,9.83869
1725252052.3466675,4.024146331751428,5.472257727065267,5.470543439931725,0,17.746510024913615,14.8293,7.066752163414918,9.83869
1725252052.446597,3.976671396333103,5.468706369517834,5.474597426537489,-0.005891057019654866,17.721803995961,14.7821,7.109709232797066,9.95893
1725252052.546953,4.059147342394163,5.479686118498064,5.475408455198027,0,17.699276419695046,14.7821,7.149056173969718,9.95893
1725252052.6471472,4.016133474785804,5.476575848023374,5.471354082847534,0,17.674850033436087,14.7821,7.1915626493956175,9.95893
1725252052.746493,3.968897285217253,5.473107729417576,5.46932748766585,0.003780241751726088,17.65693368673,14.7411,7.22260455622558,10.0686
1725252052.8466504,4.031104231347617,5.4826461363330345,5.468111666078877,0.014534470254157661,17.634351012914493,14.7411,7.261662184469005,10.0686
1725252052.9469244,3.991980956455143,5.479869912555396,5.470948754145304,0.010137154188757158,17.609572689948592,14.6969,7.304501067447177,10.1905
1725252053.0469067,4.065650159823232,5.490839590058203,5.477030637078616,0.015431134860175888,17.586850089591593,14.6969,7.344089713134968,10.1905
1725252053.146685,4.017405009346582,5.487451018991747,5.484738978454515,0,17.566844242291936,14.6969,7.379279081029317,10.1905
1725252053.2466435,3.9750692490400614,5.484340833517899,5.490422121309116,-0.006081287791217527,17.5452380535249,14.6576,7.41774940402028,10.3014
1725252053.3470082,4.042636813867877,5.4944008224416985,5.495295604115851,0,17.52156017130008,14.6576,7.460222794722668,10.3014
1725252053.446958,4.000520402700996,5.4913585205194355,5.493264740329808,0,17.50020090108132,14.6576,7.498603476646019,10.3014
1725252053.5467339,3.953604338780226,5.487898424540692,5.494889397012715,-0.0069909724720229605,17.480728406915745,14.6146,7.533560903215795,10.4233
1725252053.646717,4.0270808486458485,5.498886847425041,5.494889384907214,0,17.459042965345184,14.6146,7.572594056127769,10.4233
1725252053.746656,3.979958147550302,5.495508755809036,5.498952014965507,-0.0034432591564712567,17.43526005059959,14.5749,7.615463869595745,10.5355
1725252053.8465984,4.053245488667069,5.505755964248502,5.499764747856332,0,17.418047356078127,14.5749,7.64667461534521,10.5355
1725252053.946684,4.0060546853680385,5.502459215456951,5.498139434915315,0,17.394342948656245,14.5749,7.6895879139664585,10.5355
1725252054.0465698,3.962849767409941,5.49937597691874,5.498139386479929,0.0012365904388111915,17.372602246967833,14.5321,7.728893433989695,10.6569
1725252054.1468217,4.03135769914631,5.509721732339622,5.496514297619477,0.01320743472014474,17.34847742218192,14.5321,7.772482708017067,10.6569
1725252054.2466295,3.9966053987881534,5.5073431136538105,5.496514297619477,0.0108288160343335,17.330992732916087,14.4931,7.803997235577047,10.7681
1725252054.3465865,4.055608179230297,5.516382719503286,5.504642074999051,0.011740644504235398,17.307027879980456,14.4931,7.847523414853091,10.7681
1725252054.4465787,4.011840317962981,5.513386555197871,5.510741605716165,0,17.285303737464094,14.4931,7.88739504715862,10.7681
1725252054.5466685,3.9644780105402315,5.510024409478838,5.511961787747343,-0.0019373782685052632,17.26189540465011,14.4498,7.930696626624009,10.8905
1725252054.647011,4.04796846464978,5.5210534586737126,5.513182287578353,0,17.24049905443734,14.4498,7.970265968757995,10.8905
1725252054.7468383,4.00478451394753,5.5181059267140125,5.512368591108159,0,17.223490767092397,14.4498,8.00173927406572,10.8905
1725252054.8465762,3.957162588502533,5.514785388905218,5.512368639601453,0.002416749303765009,17.199971143409314,14.4101,8.045206617270765,11.0018
1725252054.946947,4.03000755675987,5.524468972853063,5.513995893509825,0.01128673377128031,17.178426775372568,14.4101,8.085072505807576,11.0018
1725252055.0470002,3.9827659041105283,5.521260928314121,5.515623391229985,0.006858187003027538,17.155222127805615,14.3664,8.128107610338864,11.1228
1725252055.146734,4.057626099013027,5.5311317551185315,5.519286031153317,0.011845723965214106,17.138326218096225,14.3664,8.15956619200873,11.1228
1725252055.246658,4.009795137287565,5.527919414656665,5.524171313827165,0,17.115043538657797,14.3664,8.20331104807541,11.1228
1725252055.346941,3.9753609079972976,5.525551230619009,5.522949811761023,0.003415681847525498,17.093990909993888,14.3268,8.242914341199961,11.2315
1725252055.4470227,4.033652551212828,5.53364879615092,5.523764144929132,0,17.070638882006698,14.3268,8.286922464052218,11.2315
1725252055.546946,3.9895657808746026,5.530699946498367,5.5233569713773765,0.008157257281579788,17.04925826960568,14.2842,8.327101692555388,11.3484
1725252055.646755,4.056216447345225,5.539527373462575,5.525800142956537,0.013727230506038524,17.030196326694917,14.2842,8.363036363607954,11.3484
1725252055.7470624,4.021117129635137,5.53722993873875,5.529873224322285,0,17.009029739618207,14.2842,8.403104094802613,11.3484
1725252055.8471024,3.973481243602938,5.533998362946457,5.533132667121331,-0.00035687087080216173,16.98610875416794,14.2458,8.446890039724904,11.4534
1725252055.9469767,4.033509003320612,5.5418304153789775,5.532725220219051,0,16.965431393414093,14.2458,8.486391694171248,11.4534
1725252056.046648,3.985625413108589,5.538647574298693,5.533132667121331,0.00551490717736236,16.94658704517732,14.2037,8.522366177230403,11.5679
1725252056.147067,4.063842735912714,5.547836650733384,5.531910366581809,0.01633378801077434,16.92575713350128,14.2037,8.562087069264079,11.5679
1725252056.2470038,4.015475974334136,5.5447335282029355,5.532800730630187,0.012340233569823944,16.902419856460735,14.2037,8.606566284021417,11.5679
1725252056.3470893,3.97151924651965,5.541830536876541,5.536800581987504,0.006252713283263489,16.88148704788554,14.1647,8.646621033553568,11.6733
1725252056.4466136,4.027727344187607,5.5491487789395695,5.543731739366558,0,16.862762220683113,14.1647,8.682807095403993,11.6733
1725252056.5466554,3.9842858042473592,5.546233695265411,5.549034724996389,-0.002801029730977511,16.842274105348952,14.122,8.722854223461853,11.7877
1725252056.6471107,4.062492490109442,5.555016565105731,5.547402755710822,0,16.8195390332182,14.122,8.76733306958474,11.7877
1725252056.7468238,4.014760622954084,5.5519070018504575,5.547810679725779,0,16.799014110482375,14.122,8.807510216902587,11.7877
1725252056.8466916,3.9710983188031386,5.548996414573556,5.547402755710822,0.0015936588627338821,16.782577223282296,14.0825,8.839658158954899,11.892
1725252056.9466288,4.0271602852346655,5.555875096162891,5.549442628485955,0,16.760009317544032,14.0825,8.883850433001005,11.892
1725252057.0470443,3.99243801884988,5.553593300463102,5.549850654500326,0.003334606864863865,16.73960250104842,14.0389,8.92393907442059,12.0057
1725252057.1470675,4.05853121899747,5.561139559486685,5.550258696638363,0.010472821314832181,16.717212819716227,14.0389,8.967924764393077,12.0057
1725252057.2466793,4.014337867761003,5.558309084418071,5.5518909563555665,0,16.700577781417504,14.0389,9.00064094825936,12.0057
1725252057.3465753,3.9663034783717785,5.555123837491326,5.556788995258364,-0.0016651577670376838,16.6781728901036,13.9994,9.044990305668543,12.1082
1725252057.4468179,4.033949588334281,5.562377794047785,5.559238703132802,0,16.6578794039503,13.9994,9.085359006159734,12.1082
1725252057.54689,3.9863433130165276,5.559256973184798,5.556380735654042,0.002467977923194198,16.635661483917445,13.956,9.129580026491688,12.2207
1725252057.6466358,4.055912728542275,5.566794573948661,5.554339729594141,0.0124548443545196,16.619383701370886,13.956,9.161808808600222,12.2207
1725252057.7469697,4.008153507329214,5.56377160289808,5.557605456011169,0,16.597147815674074,13.956,9.205798218171022,12.2207
1725252057.8469071,3.9732306965416924,5.5614741848345375,5.563731044754746,-0.0022568599202088535,16.576859634014873,13.9165,9.246391877153892,12.3236
1725252057.9469328,4.028965700295462,5.567829557267585,5.568224915106269,0,16.555048829407752,13.9165,9.290371835841823,12.3236
1725252058.04661,3.9852766067140353,5.564954521619505,5.569042192827834,-0.004087671208329091,16.53902535954753,13.8729,9.322801711118819,12.4362
1725252058.1466572,4.050808257609561,5.571989896775881,5.569859521517,0,16.5170240098744,13.8729,9.36738007039782,12.4362
1725252058.246474,4.007208604074219,5.569175531540101,5.569859521517,0,16.49709822877317,13.8729,9.40778383760253,12.4362
1725252058.347045,3.9675471129664985,5.566560967452763,5.5706768036740915,-0.0037071887824735583,16.47494509407171,13.833,9.452703160788092,12.5386
1725252058.4470997,4.027372734945007,5.572918952470989,5.570268107517892,0,16.455008395129397,13.833,9.493175427322969,12.5386
1725252058.5466652,3.9792152303110937,5.569796072631619,5.571494234117401,-0.001698161485782279,16.4369995951018,13.7886,9.529723140131948,12.6515
1725252058.6469104,4.058572780778206,5.577458910632112,5.570268107517892,0,16.416954528834225,13.7886,9.570437425082506,12.6515
1725252058.7469282,4.015613648933663,5.574758048052388,5.567407761467072,0,16.395323389312082,13.7886,9.61421065309908,12.6515
1725252058.8469718,3.967922719782871,5.571704660676736,5.567407761467072,0.004705481230519837,16.375568091537808,13.7478,9.65410749321301,12.7552
1725252058.9469643,4.029813824922114,5.578070552052212,5.567816356258229,0.010254201882512248,16.35373210612114,13.7478,9.698222874972322,12.7552
1725252059.046627,3.982220054822808,5.575066874006997,5.570676826511057,0.004390047495940408,16.337858660035756,13.7042,9.730357408623261,12.8669
1725252059.1467187,4.061159805784173,5.582612411171686,5.5772173858737455,0,16.32225004698785,13.7042,9.762253012082716,12.8669
1725252059.2469673,4.012961341439957,5.579555021657195,5.582533956243975,0,16.296568500432535,13.7042,9.815255108944337,12.8669
1725252059.3469977,3.9693711779638448,5.576704833724359,5.5813068813747595,-0.005011084476021388,16.27712308032559,13.6647,9.855524721670752,12.9677
1725252059.4466789,4.02496616453428,5.582455536040292,5.580897881450445,0,16.259900277193136,13.6647,9.891129157828077,12.9677
1725252059.5469968,3.990239353706823,5.580242692361174,5.578852996784429,0.0013896468277527774,16.24031503257014,13.6224,9.931478289782028,13.0758
1725252059.6470253,4.052910104681576,5.586531542054468,5.580897783937502,0,16.21901269036712,13.6224,9.975412470723684,13.0758
1725252059.7468412,4.009037487200372,5.583784167217474,5.582124845639404,0,16.199364029229017,13.6224,10.016025346663136,13.0758
1725252059.8466272,3.9609083947083663,5.5806858294920465,5.583352019908649,-0.002666190416602099,16.181651359098947,13.5848,10.052717501585276,13.1719
1725252059.946664,4.015947272637469,5.5862533525812434,5.5838368804594465,0,16.162508398948987,13.5848,10.092411096530437,13.1719
1725252060.046961,3.976841731085365,5.583756492150273,5.583761168001846,-0.00041373889024143296,16.141190186598333,13.544,10.136719101795602,13.2756
1725252060.1466188,4.038640515271651,5.589767323493449,5.585806802909635,0,16.125376102070437,13.544,10.16961953785068,13.2756
1725252060.246669,3.9913739928948213,5.586784589046238,5.588261887501115,-0.0014772984548772072,16.10430930680229,13.507,10.213593696175867,13.3699
1725252060.3468583,4.043936994075779,5.591954792930635,5.591945375124982,0,16.084952123839543,13.507,10.254199555598158,13.3699
1725252060.4470072,4.00399504564691,5.589436346892821,5.590308156720807,0,16.063317373353097,13.507,10.299664477946976,13.3699
1725252060.5466588,3.9606100897594567,5.586646349941486,5.591945375124981,-0.005299025183495232,16.04799547607116,13.4661,10.331845643394393,13.4741
1725252060.6469104,4.018874839017838,5.592380468971424,5.593582815238911,0,16.026757066107223,13.4661,10.37661870683844,13.4741
1725252060.7466168,3.975544148021987,5.589614696846577,5.593992199942527,-0.004377503095949642,16.00761344398778,13.4294,10.417032665625232,13.5682
1725252060.8468878,4.036905268023196,5.595333746874077,5.591536045908626,0,15.986543704753661,13.4294,10.4614457804706,13.5682
1725252060.9465666,3.989351962403848,5.59236295120677,5.592354721248298,8.229958472050214e-06,15.971300199775293,13.3896,10.493517503494424,13.6706
1725252061.0470726,4.049897704957621,5.5981644189406445,5.593992187741572,0,15.951926488927995,13.3896,10.534335600310628,13.6706
1725252061.1469991,4.002596592961898,5.595224127236288,5.598086795241059,0,15.931102455541339,13.3896,10.578425238692429,13.6706
1725252061.2469294,3.9681868294074625,5.593023355982512,5.599315390534631,-0.0058824661668746,15.912192573569525,13.3471,10.618656455799696,13.7797
1725252061.3466897,4.031393215931523,5.599057208646246,5.6009536883628925,0,15.894930651745916,13.3471,10.655489662733528,13.7797
1725252061.4466739,3.987923534921404,5.5963022403836975,5.603821202294111,-0.0075189619104136796,15.875962636078215,13.3106,10.696132603585976,13.8743
1725252061.5466604,4.036195547417781,5.601120431314354,5.603411597773316,0,15.855006668494235,13.3106,10.74111165546704,13.8743
1725252061.6469266,4.0006712514231815,5.598891278747271,5.605050283893109,0,15.835701788028745,13.3106,10.782547798194205,13.8743
1725252061.7466762,3.952739142312006,5.595794552673923,5.6075089689334625,-0.011714416259539284,15.818702505428314,13.2733,10.819211040668428,13.9711
1725252061.846686,4.007029141928854,5.601053886181479,5.610043945458403,0,15.79952723218327,13.2733,10.860720840533626,13.9711
1725252061.9466796,3.9591543735347514,5.597960556431186,5.610787695039939,-0.01282713860875262,15.778839153101952,13.2347,10.905618487129223,14.0713
1725252062.0471601,4.026871283992669,5.604067938661745,5.612837264517176,0,15.7602739078089,13.2347,10.94600992516148,14.0713
1725252062.1466696,3.979310562180666,5.601029577024435,5.612837264517176,-0.011807687492741081,15.743527170177485,13.1906,10.982497840511336,14.1849
1725252062.2467241,4.05181282227457,5.607490379097087,5.611607496669557,0,15.724764599987509,13.1906,11.023381863579024,14.1849
1725252062.3467164,4.003561109242106,5.604477954352085,5.611197614293085,0,15.70398510655366,13.1906,11.068588580775321,14.1849
1725252062.44706,3.9691427767381353,5.602286156367187,5.610377812215504,-0.00809165584831728,15.685373682644519,13.1487,11.10903168644725,14.2919
1725252062.5467026,4.030120273227334,5.607850170685476,5.611607521102579,0,15.668165657712922,13.1487,11.14640127701772,14.2919
1725252062.6466153,3.986679288306523,5.605133514274651,5.609967935286096,-0.004834421011445045,15.649452060453873,13.1101,11.187089075008284,14.3906
1725252062.7465506,4.039825782436513,5.610017676515448,5.612837316442278,0,15.62879291024138,13.1101,11.232059454694527,14.3906
1725252062.8469934,4.004536235958288,5.6078287221218,5.613657253046408,-0.0054185520647145324,15.60991295998576,13.0696,11.273254070472422,14.494
1725252062.9465585,4.06724760659776,5.613271181094647,5.614477216046837,0,15.595029994426897,13.0696,11.305786325130612,14.494
1725252063.0465856,4.018820761655212,5.610308438395741,5.614067237742133,0,15.574283285763247,13.0696,11.351153845265538,14.494
1725252063.1467497,3.975057687312138,5.6075646302135045,5.616117334026543,-0.008552703813038853,15.555528585117129,13.0303,11.39218719340498,14.5952
1725252063.246909,4.039434299657203,5.613173361337476,5.619808236919069,0,15.535050622606994,13.0303,11.437240363630863,14.5952
1725252063.3470566,3.9958058044635876,5.610445673982385,5.6210388163724705,-0.009772695365610318,15.51644107337627,12.9927,11.478339767776447,14.6924
1725252063.4467254,4.046948158705404,5.615113118773763,5.6230898715967665,0,15.499678247208568,12.9927,11.515475470321633,14.6924
1725252063.5466635,4.002807384263774,5.612356550737118,5.623500098435715,-0.011143547698596379,15.480986653195853,12.9927,11.556973954461055,14.6924
1725252063.6470733,3.963501608745355,5.6098465947387135,5.6223453768073135,-0.012909085341100024,15.460551169762098,12.9558,11.602350698781237,14.7866
1725252063.7470477,4.01626216927674,5.614514123055518,5.617347544442982,0,15.442010283076511,12.9558,11.643276445765423,14.7866
1725252063.8466964,3.968539888321225,5.611560563586479,5.615297220655963,-0.0037366570694841172,15.425258376835284,12.91,11.679980588119188,14.8774
1725252063.946996,4.0331583971430485,5.614526918500203,5.616937446120487,0,15.406611678873485,12.91,11.720844763566872,14.8774
1725252064.047077,3.9846664606742923,5.61153577480043,5.615707271386607,-0.00458151034441201,15.385857989534626,12.8499,11.76635476281189,14.958
1725252064.1470044,4.041569715147491,5.609629540239408,5.614067237742133,0,15.36713004243776,12.8499,11.807327515237763,14.958
1725252064.246971,3.9929186521640556,5.606598893630172,5.612427370657291,-0.006648374447373762,15.346305055475119,12.7763,11.85273204100157,15.0317
1725252064.3466892,4.05360711562041,5.6011644232131,5.613247268077545,-0.012082844864445441,15.331544441639863,12.7763,11.884883117612816,15.0317
1725252064.4470594,4.014103274092893,5.598625338516229,5.612837325605463,-0.014621941779254577,15.310763635613267,12.7763,11.930235025193053,15.0317
1725252064.546999,3.97044394969559,5.59577662765555,5.608328544694375,-0.012961747408541058,15.291884342486414,12.6919,11.971211192598167,15.0979
1725252064.6469376,4.0270233906028,5.586909312345232,5.601363320725944,-0.015682906728151202,15.27090529916253,12.6919,12.016325615878205,15.0979
1725252064.7466874,3.984175549012598,5.584080036310061,5.595629886034618,-0.011549849724556971,15.255848853485665,12.5985,12.048339198497693,15.1556
1725252064.8470376,4.054195674001409,5.573380541159239,5.5878526756926545,-0.01569978273027406,15.234760599227247,12.5985,12.09267012085787,15.1556
1725252064.947017,4.00686730310941,5.570208293811464,5.580488869670641,-0.012325662429645057,15.215451714679503,12.5985,12.132784868193642,15.1556
1725252065.0469236,3.9643156704812617,5.567344118049793,5.573946683773836,-0.008237834055478288,15.194211529793034,12.5008,12.176380927818077,15.2034
1725252065.1473303,4.017171584513727,5.553648904266223,5.569450850798625,-0.01580194653240241,15.178341685645645,12.5008,12.208664943095233,15.2034
1725252065.246738,3.9745302396028843,5.550685452724112,5.563731044748262,-0.013045592024149677,15.158689105087966,12.4028,12.24831689954877,15.243
1725252065.347059,4.031523185378244,5.536558460177545,5.55678889792145,-0.021863605694207422,15.136886846399308,12.4028,12.2918569910751,15.243
1725252065.447028,3.9882291560708936,5.533452358773842,5.548218714130348,-0.01680633482801408,15.116488905317441,12.3011,12.332098694599834,15.2782
1725252065.547188,4.036714479878666,5.517667615393188,5.536393014926248,-0.01872539953305985,15.098181281315966,12.3011,12.36763302812426,15.2782
1725252065.647299,3.9935183139396293,5.5145407361803604,5.523764108514155,-0.009223372333794444,15.077240271322896,12.1956,12.407445096196742,15.3107
1725252065.7470775,4.052302437669694,5.498704718691585,5.511555046644098,-0.014884267999287992,15.054252494603322,12.1956,12.450295798070977,15.3107
1725252065.846686,4.00973259870033,5.495585932792922,5.501390332863216,0,15.037143350818187,12.1956,12.481638866248902,15.3107
1725252065.9466608,3.9599201061374045,5.491952735325004,5.493670860113366,-0.0017181247883621964,15.011975457075607,12.0919,12.52699805263325,15.3407
1725252066.0471478,4.011941132087689,5.475970557408363,5.489204086490556,-0.013233529082192774,14.989981610504246,12.0919,12.56639024328678,15.3407
1725252066.14701,3.9733537218113377,5.473019446593208,5.4823042062108645,-0.010907892107358208,14.965896178875884,11.9954,12.609166849723453,15.3682
1725252066.246998,4.020223357943137,5.458242055066665,5.475002957847347,-0.017977462290120094,14.943847719605667,11.9954,12.647843618918374,15.3682
1725252066.3465848,3.973507626181927,5.454576934206429,5.463654766750217,-0.009077832543788134,14.923841272240033,11.8875,12.682498123326583,15.3989
1725252066.446692,4.031827326052286,5.438881233359183,5.451508714697777,-0.012627481338594038,14.90132730584729,11.8875,12.720752028428752,15.3989
1725252066.5469575,3.994436945832859,5.4359311310291,5.439780226377596,-0.005870337464745745,14.876639899807138,11.7903,12.761953012077567,15.4266
1725252066.6470814,4.043891334765793,5.421909430188435,5.43169896837828,-0.011001324684842828,14.853494915955592,11.7903,12.799983727034732,15.4266
1725252066.7466865,3.9974934222839424,5.418180603084642,5.4248346701799335,-0.006654067095291261,14.83278550747471,11.6822,12.833679716225403,15.4572
1725252066.8468862,4.058351475169547,5.403355140256487,5.4195884866405395,-0.016233346384052716,14.809690069510753,11.6822,12.870885525477911,15.4572
1725252066.9469395,4.025058248750426,5.4005949927377435,5.41313521407639,-0.015766362750910368,14.783991106883839,11.6822,12.912011238355461,15.4572
1725252067.0471034,3.976071030614614,5.396535915042094,5.390982645237147,-0.0008861718777737337,14.758095743902842,11.5836,12.95262083569792,15.4849
1725252067.1471007,4.024426289653967,5.3827929210968355,5.366469779514045,0.013111812582287108,14.729564529105621,11.5836,12.995625165026546,15.4849
1725252067.2465897,3.977409881174546,5.379039623811179,5.363660701197748,0.0153789226134311,14.709435165424255,11.4742,13.02543992074235,15.5158
1725252067.3468974,4.049353253480956,5.365680482275309,5.363586345525749,0,14.684802692567231,11.4742,13.061901428252702,15.5158
1725252067.4469588,4.003261019319203,5.361812543155313,5.364463158417099,0,14.657523941693519,11.4742,13.102331672255115,15.5158
1725252067.5466218,3.961272345713999,5.3581978470496585,5.366469779514044,-0.0082719324643854,14.637724448288168,11.3747,13.131729602129685,15.5439
1725252067.6466901,4.011494730645833,5.344844964633526,5.367673929354561,-0.022828964721035128,14.610283968767035,11.3747,13.172595220968624,15.5439
1725252067.7466576,3.9688510830128747,5.340954508048602,5.366469779510483,-0.02551527146188093,14.584991673950388,11.2654,13.21027486144469,15.5747
1725252067.8469448,4.037834195436364,5.327819362168288,5.352432402993917,-0.02822070228772766,14.557340097892734,11.2654,13.250997733675161,15.5747
1725252067.9467175,3.9959926671078434,5.323985180751608,5.33961598499883,-0.015630804247222407,14.537049317317527,11.1657,13.28030070169218,15.6029
1725252068.0466757,4.048086007540914,5.311483788174405,5.322021627987131,-0.010537839812726268,14.508797202295842,11.1657,13.320203914129117,15.6029
1725252068.1466985,4.006337753141687,5.307739942923624,5.307650938357715,0,14.482754274737976,11.1657,13.356148315747623,15.6029
1725252068.2469707,3.9683454054467395,5.304334284582756,5.302068412281998,0.0026644946023468563,14.45362930755866,11.0563,13.395748725100598,15.6339
1725252068.3466375,4.034863972545783,5.2918850056063755,5.297286107880459,0,14.432426971922286,11.0563,13.42439916351978,15.6339
1725252068.4465852,3.9888718518218926,5.2876535698406455,5.293302792438903,-0.005649222598257175,14.403156465681791,10.9557,13.463727092515207,15.6624
1725252068.5466437,4.047101939308532,5.276209764439404,5.2905155216830675,-0.014305757243663564,14.376389007816954,10.9557,13.499549838995973,15.6624
1725252068.6468787,4.001534530103749,5.2718975357788835,5.284147889779518,-0.0122503540006349,14.347064768027154,10.9557,13.538506498480501,15.6624
1725252068.7467053,3.968160211873063,5.268710659065246,5.276592221447528,-0.007881562382281437,14.325474542210275,10.8448,13.566948974143274,15.6936
1725252068.8465729,4.032212525274502,5.2564024381773224,5.2654694152257076,0,14.29491553444447,10.8448,13.606630750594174,15.6936
1725252068.9465826,3.9906511679410266,5.252424088531961,5.25911994089468,-0.006695852362718746,14.26754411622962,10.7461,13.641742436959966,15.7212
1725252069.04659,4.043631450294882,5.241375388035602,5.253964355749092,-0.01258896771348983,14.237043989203258,10.7461,13.680546827591828,15.7212
1725252069.1467388,4.0099651231822495,5.238089934593683,5.249208217063075,-0.011118282469392504,14.214609163347193,10.7461,13.708921571721598,15.7212
1725252069.2466815,3.9678870156910526,5.233955352146127,5.24121377360571,-0.007258421459582998,14.186416029474852,10.6393,13.744244515769756,15.7511
1725252069.3468254,4.029815994163607,5.222757801837484,5.234955598778281,-0.012197796940797367,14.155573967195684,10.6393,13.782538511389916,15.7511
1725252069.4466798,3.9881564664346127,5.218612879615322,5.227443115620899,-0.00883023600557653,14.127268612609361,10.5416,13.817329859001813,15.7786
1725252069.5469053,4.049725328769367,5.209199452664037,5.217963395627141,-0.010737979278661491,14.096041605031635,10.5416,13.855294647712292,15.7786
1725252069.646578,4.00799544256875,5.205030141431766,5.212438690138391,0,14.072991814117552,10.5416,13.883000009802855,15.7786
1725252069.7465994,3.9622666756394986,5.200414130915277,5.206129185693941,-0.005715054778663742,14.04131385398744,10.4349,13.920762507351176,15.8089
1725252069.846557,4.029111122307998,5.1904729543381,5.202976323337954,-0.01250336899985438,14.012259427309441,10.4349,13.955191294796755,15.8089
1725252069.9470897,3.992007623100113,5.186649342026016,5.19824929655231,-0.013175340588729156,13.98056195377786,10.3387,13.992590736737426,15.8363
1725252070.0467036,4.0488358168586,5.17761991104268,5.1911640244040225,-0.013544113361342092,13.957217396753236,10.3387,14.019874025380824,15.8363
1725252070.1466231,4.00328220686237,5.172901211261534,5.182905839278138,-0.0100046280166044,13.924940187100004,10.3387,14.057213226340611,15.8363
1725252070.247073,3.969938827640019,5.169426561088695,5.173085974792695,-0.005229758502427906,13.895226007614516,10.233,14.091162227461671,15.8664
1725252070.3469687,4.032540047576146,5.159900833983481,5.165631162468441,0,13.862497804638299,10.233,14.12810676129439,15.8664
1725252070.4465728,3.9914076513817336,5.155612051881826,5.159358967645332,-0.0037469157635063866,13.838734426059574,10.1355,14.154671549503986,15.8941
1725252070.54659,4.045822050651642,5.1467693428183034,5.154266602744913,0,13.805590561772881,10.1355,14.191422304743297,15.8941
1725252070.64707,4.012727329483388,5.143269569629851,5.152308933271809,0,13.775407237702101,10.1355,14.224776512601935,15.8941
1725252070.7469146,3.9674936781281165,5.138404030317508,5.149960349099361,-0.011947714526225894,13.742361010721005,10.0284,14.261168908434074,15.9244
1725252070.8466926,4.036305798262821,5.1298644036037135,5.148003720448485,-0.018139316844771436,13.71804949923638,10.0284,14.287863697355055,15.9244
1725252070.9466815,3.990955777908294,5.124887092055557,5.142528099044153,-0.01764100698859572,13.684603153695514,9.93057,14.32442921272713,15.9521
1725252071.0470772,4.058630836984627,5.117903895191115,5.131516213102982,-0.015955044492517167,13.653992952348347,9.93057,14.357499056434724,15.9521
1725252071.147101,4.017386687103334,5.1134159593775195,5.117864617395739,0,13.619874724747811,9.93057,14.39371184661283,15.9521
1725252071.2467034,3.9720594962870504,5.108477123534092,5.1105365355863475,-0.0020594120522554604,13.59510189220517,9.82201,14.419630537643464,15.9831
1725252071.346584,4.042987259278582,5.10078576560628,5.102366108237732,0,13.563865034755606,9.82201,14.452000108561476,15.9831
1725252071.4469483,4.005898589395775,5.096756347095946,5.098478676641095,0,13.529280702134642,9.82201,14.4874912203008,15.9831
1725252071.5469627,3.9647926999209617,5.092212719257937,5.097312803408328,-0.005100130472084352,13.498025680135349,9.72352,14.519473874743635,16.0112
1725252071.647003,4.02155238697847,5.08463598557538,5.098478676641095,-0.013842691065715229,13.469646080051447,9.72352,14.548523346200323,16.0112
1725252071.7466977,3.980198209848081,5.079924551962721,5.097701441413055,-0.017776889450334288,13.437903414170174,9.61658,14.581048384885227,16.0419
1725252071.846948,4.05445525587874,5.073396395671357,5.090321945531472,-0.01886675945339089,13.403412008641487,9.61658,14.616166985664304,16.0419
1725252071.9469898,4.013894759657973,5.068767593541219,5.081399152471757,-0.014958151250541007,13.371903374025507,9.61658,14.647899719291496,16.0419
1725252072.0469747,3.9687400632475955,5.0635727588549155,5.072100528250106,-0.010851259553312786,13.336782013280985,9.50245,14.682859393534924,16.0746
1725252072.1470587,4.0466864539849565,5.056920279983622,5.060494719969467,0,13.311328319999278,9.50245,14.707809160001132,16.0746
1725252072.246811,4.009785860789823,5.05278959374645,5.046207981373023,0,13.275733785727988,9.50245,14.742000469261134,16.0746
1725252072.3469713,3.9685655500590977,5.048151367900688,5.039653912551053,0.007341334085912088,13.242908785150794,9.39848,14.773144726381746,16.1045
1725252072.446712,4.031721354984413,5.041677582764517,5.034646317432738,0,13.207066645551576,9.39848,14.806883655845366,16.1045
1725252072.5465808,3.9906375757954593,5.0370295108499485,5.033106243794547,0.003923267055401247,13.180668405703518,9.28392,14.83161386011453,16.1373
1725252072.6469362,4.07296166217068,5.031576144342742,5.033106243794547,0,13.144678073693651,9.28392,14.8652917376086,16.1373
1725252072.746904,4.032585945756509,5.026947860955424,5.031951434192807,0,13.112006412833129,9.28392,14.8958257899925,16.1373
1725252072.8469727,3.9878325134409645,5.021711571887085,5.02841696735992,-0.007474774540682461,13.075796330722387,9.17919,14.929577538942608,16.1673
1725252072.9465818,4.055590987849709,5.016126001761011,5.025724570985441,0,13.049138158028383,9.17919,14.954320397986633,16.1673
1725252073.0466835,4.010503729751327,5.010794150405925,5.022649115356188,-0.01185496495026328,13.01245584787514,9.17919,14.988227014191494,16.1673
1725252073.1469631,3.9775290894080575,5.006827947711394,5.017341358949804,-0.012818116503356514,12.97880845749883,9.05575,15.01918837285234,16.2026
1725252073.2469738,4.06530354049274,5.001551158841172,5.009281348428485,0,12.942310931331955,9.05575,15.052414320608426,16.2026
1725252073.3469493,4.0203916854472945,4.996217523385069,5.002763939874163,0,12.908483526401138,9.05575,15.082864348208206,16.2026
1725252073.4469986,3.9795025403849844,4.991295925119433,4.999316253898964,-0.008020328779531738,12.881472369535755,8.94098,15.107023065155044,16.2355
1725252073.5468814,4.062522923358771,4.986987335786553,4.9947221690326655,0,12.844262777784873,8.94098,15.140151254974297,16.2355
1725252073.646476,4.0224972414745235,4.982165283667543,4.993191527212558,-0.011026260649051878,12.81123892039746,8.94098,15.169412478922263,16.2355
1725252073.746948,3.977791886659415,4.976668441177892,4.989748978565982,-0.014227859468896042,12.773957775255209,8.83427,15.202360175495421,16.2662
1725252073.8469195,4.048475558420833,4.972207020175201,4.984397601518795,-0.012190581343594076,12.746865522945313,8.83427,15.226127588598196,16.2662
1725252073.9473367,4.003876079365092,4.966729630863058,4.977142257222189,-0.010412626359131316,12.709338996475614,8.83427,15.258795447962708,16.2662
1725252074.0468981,3.9708496178375094,4.962638773107348,4.969133020242846,-0.008400278794204574,12.674738542245978,8.72022,15.288567640952968,16.2992
1725252074.146887,4.0452245370073046,4.958198427745645,4.959611694608464,0,12.636914250141364,8.72022,15.32068588190916,16.2992
1725252074.2470086,4.004604722166064,4.953245009247281,4.955046665887789,0,12.609228357601856,8.72022,15.343965486753303,16.2992
1725252074.346553,3.9598646236609905,4.947703514704411,4.950865103371051,-0.0031615886666394033,12.570954936715161,8.61561,15.375962064859182,16.3295
1725252074.4469295,4.036224678457205,4.944999199399326,4.946686371630045,0,12.536245122131724,8.61561,15.404783972742237,16.3295
1725252074.547021,3.991734303517574,4.939487472173366,4.944028610377438,-0.005300392130197729,12.497904659530537,8.50136,15.436492723373313,16.3627
1725252074.6465738,4.070146848985473,4.93617466340116,4.940543029644094,0,12.470014929507583,8.50136,15.459442881123245,16.3627
1725252074.7472053,4.025794344619376,4.9306776599512485,4.935613344205723,0,12.431620155219283,8.50136,15.490877072184354,16.3627
1725252074.846996,3.9934390051692934,4.92660713635615,4.931824014634915,-0.006353433346495407,12.396473850637696,8.39623,15.519480981343591,16.3931
1725252074.947066,4.058275650941642,4.922914252779068,4.927658518904499,0,12.357891426037357,8.39623,15.550684546536397,16.3931
1725252075.047108,4.0172133124534675,4.917748518107743,4.925079411815299,0,12.329032546375101,8.39623,15.573913251462846,16.3931
1725252075.1465712,3.972504289672634,4.912024314045422,4.922053123047417,-0.010028809001994432,12.289836225823617,8.28102,15.605305045906587,16.4264
1725252075.2468727,4.059816049329372,4.910350218988509,4.9228095384013,-0.012837608589193472,12.254565071713971,8.28102,15.63354338398315,16.4264
1725252075.3469858,4.0200288293929045,4.905225567073893,4.921296816093887,-0.017583993872078096,12.215981056645123,8.28102,15.664427957373539,16.4264
1725252075.4470794,3.9756682846493128,4.89940941276662,4.914494230560725,-0.01508481779410431,12.187362939093308,8.17558,15.687195595412028,16.457
1725252075.5466125,4.0452228745012215,4.8968951788210315,4.903928187537351,0,12.152143160509931,8.17558,15.714858817432159,16.457
1725252075.6468952,4.009255660680408,4.892283762258621,4.895263371785701,0,12.112998800239541,8.17558,15.745138321475784,16.457
1725252075.7467809,3.9691205145191595,4.887081752870921,4.8896194366215635,-0.0036660284738303517,12.077076011762772,8.05188,15.772651952040604,16.4929
1725252075.846658,4.053251025619141,4.884916000524923,4.884732594286287,0,12.044956838955798,8.05188,15.79706867354409,16.4929
1725252075.9465787,4.013049221041238,4.879766882795045,4.8813518194952925,0,12.0088468216191,8.05188,15.82433614881948,16.4929
1725252076.0468574,3.977140862183841,4.875089919164894,4.879099141855618,-0.004384595425819704,11.96934532120472,7.93785,15.854038232105824,16.5262
1725252076.1469026,4.05488883153788,4.873469111104395,4.877222564557008,0,11.9330349169796,7.93785,15.881259765432826,16.5262
1725252076.2465403,4.010844917418471,4.86773057467832,4.874596389913494,0,11.900399282005635,7.93785,15.905651743006068,16.5262
1725252076.3466477,3.970971900221249,4.862441067767506,4.8712217085359075,-0.008780640768401682,11.864201251494453,7.83279,15.932580860959908,16.5568
1725252076.4468915,4.043677982535502,4.861337894492665,4.872651846961633,-0.01018926829957234,11.82430371477766,7.83279,15.962216197688347,16.5568
1725252076.5466664,4.003681576845313,4.856008959653767,4.8681542922510115,-0.012145332597244263,11.795251137165547,7.83279,15.983766052294195,16.5568
1725252076.646676,3.9597892825175722,4.850089604232594,4.860666600594973,-0.010576996362378743,11.755096868866449,7.72136,16.013256084217563,16.5891
1725252076.746587,4.03480803201059,4.848959009480403,4.8528153391380355,0,11.71859912466164,7.72136,16.039777475929295,16.5891
1725252076.8471196,3.9902204667211407,4.843059050217715,4.844602218046779,-0.0015431678290642736,11.677563067890066,7.61992,16.06918014208197,16.6182
1725252076.9467158,4.062685732195892,4.84273873295481,4.842060684966862,0,11.648139910135477,7.61992,16.090128305836988,16.6182
1725252077.046554,4.0188717063398105,4.836973980598524,4.837960751053372,0,11.60764272491644,7.61992,16.118803102529007,16.6182
1725252077.146583,3.9783406881208565,4.831545416469046,4.835725762070695,-0.004180345601648483,11.570051338503106,7.50847,16.14527607447541,16.6502
1725252077.24658,4.049401312020369,4.830352696154493,4.834236269141407,0,11.529729371761741,7.50847,16.173624664076442,16.6502
1725252077.3469255,4.017634515564464,4.82609783306672,4.832002780423564,0,11.49272286881145,7.50847,16.199547165880535,16.6502
1725252077.4465756,3.977734406865057,4.820654848609404,4.832374955536801,-0.011720106927397111,11.462914666035594,7.40555,16.220387954076735,16.6799
1725252077.5465863,4.039974040918362,4.819342747998591,4.829026267746711,0,11.422439208827786,7.40555,16.2486328724594,16.6799
1725252077.646901,4.0085642577048235,4.815052926929798,4.826051415428704,-0.011370292901119683,11.385658393017424,7.40555,16.274184125900323,16.6799
1725252077.747295,3.9651020634694856,4.8090127532236275,4.819364108121103,-0.012950985237927704,11.344678005942535,7.29241,16.302514938205597,16.7127
1725252077.846553,4.041370892196324,4.808999501399409,4.816394675405401,0,11.314935302056515,7.29241,16.322868135464976,16.7127
1725252077.9466133,3.9973432463335463,4.802956059345933,4.813056060130489,-0.010100000784555974,11.273370553328025,7.18959,16.351167011388114,16.7428
1725252078.0469398,4.070705177767237,4.803714927409784,4.81194367865584,0,11.235930392082459,7.18959,16.37657729937009,16.7428
1725252078.147149,4.0276121739387625,4.797805736737911,4.808978483413759,-0.011543326188573566,11.194996954668778,7.18959,16.404272690631146,16.7428
1725252078.2469673,3.987656976919591,4.792223916132496,4.7992845239919255,-0.01150079603426768,11.156941379127113,7.06798,16.429858949968214,16.7785
1725252078.346632,4.067795821223185,4.792641268055391,4.787831757925319,0,11.122683673612244,7.06798,16.452400379705555,16.7785
1725252078.4470983,4.036263604553658,4.7884019992116995,4.783773983023034,0,11.084975832052342,7.06798,16.476929032044904,16.7785
1725252078.5470846,3.9928079930911333,4.782468918003512,4.780087877368679,0.0027495169936617714,11.043360124328524,6.95573,16.503833094589925,16.8112
1725252078.646987,4.067375412641118,4.783183682738278,4.783405238783715,0,11.005132973489033,6.95573,16.528535023853607,16.8112
1725252078.746617,4.023486741869651,4.77714472753203,4.785686375717814,0,10.970783832168108,6.95573,16.55083816179583,16.8112
1725252078.8466733,3.992292327400245,4.772741015165693,4.786793052703156,-0.014052037537463313,10.940753834898526,6.85141,16.570403275127113,16.8416
1725252078.9469638,4.05587570328409,4.7727260483748815,4.786793118678188,-0.013329192967813874,10.89235679366171,6.85141,16.60194846394476,16.8416
1725252079.046923,4.016481515646898,4.767144218463698,4.7819988931251585,-0.015591974710383205,10.854309305717742,6.85141,16.626683922954438,16.8416
1725252079.1469114,3.9731452084168164,4.7609251355826725,4.774632033686299,-0.01370689810362613,10.819876242044968,6.74021,16.648834513164328,16.8742
1725252079.2465737,4.046132966748566,4.762056699286963,4.766173429503101,0,10.781353325711702,6.74021,16.6733204199892,16.8742
1725252079.3469398,4.014616232372931,4.75765204938777,4.756628799861409,0,10.739128210299699,6.74021,16.69976018258734,16.8742
1725252079.4469123,3.9708944927780667,4.751499015475098,4.7467365506836146,0.0032981799536386802,10.700383367575494,6.63736,16.72364173457638,16.9049
1725252079.5466902,4.035167115172076,4.752623151354631,4.741615119373352,0.01100803198127931,10.669261514645793,6.63736,16.742592195002548,16.9049
1725252079.6470034,3.9920108044936367,4.7466901151114085,4.734308078449789,0.012382036661619189,10.627022598970624,6.5262,16.76799634932224,16.9386
1725252079.7471063,4.072849959716562,4.749760413325012,4.733577991487777,0.016912411813817307,10.588586724442917,6.5262,16.790982845919917,16.9386
1725252079.8469243,4.029512613439269,4.743828062788873,4.739421822651843,0,10.545893322502597,6.5262,16.816659747233786,16.9386
1725252079.9466476,3.990366302930251,4.738301510107873,4.741249512021801,-0.0029480019139276337,10.515226693814444,6.42328,16.835211085714928,16.9704
1725252080.0469718,4.051224037599497,4.739439991626069,4.742278629191457,0,10.47302187178717,6.42328,16.860823658038232,16.9704
1725252080.1469884,4.019958629659527,4.734997879983379,4.740816165176378,0,10.434505151161101,6.42328,16.884189542686066,16.9704
1725252080.2470787,3.9767309173556336,4.728737111221709,4.73971958427264,-0.011347987017118477,10.391032028045721,6.31172,16.910497790939274,17.0054
1725252080.3465707,4.049622239641511,4.731298786240617,4.735335827790173,0,10.360618227722254,6.31172,16.92882699335454,17.0054
1725252080.4465737,4.006065301712244,4.725060944396415,4.732050554064919,0,10.317463661693447,6.31172,16.954636643278935,17.0054
1725252080.5468695,3.9746732248810845,4.720490647458471,4.724029403612782,-0.006453952474251956,10.278389463115367,6.20999,16.97784603834585,17.0379
1725252080.6469214,4.033927000511346,4.722251380941075,4.716816441020475,0,10.235932631354212,6.20999,17.00264679809742,17.0379
1725252080.7466002,3.9944616681258034,4.716636737467145,4.713180436944872,0.0034563005222736365,10.204415631264807,6.08934,17.02093254818393,17.0773
1725252080.8465724,4.072491765919292,4.720187584926011,4.710273652236693,0,10.161707925670807,6.08934,17.045540569147505,17.0773
1725252080.9469104,4.041195249397661,4.715782167423288,4.717544000555982,0,10.122726217237181,6.08934,17.068122013625494,17.0773
1725252081.0469642,3.9983532679522376,4.709586433513227,4.714998110939021,-0.005775320025759534,10.079941245699072,5.97823,17.092993306037133,17.1146
1725252081.147034,4.070075895123892,4.713190712813047,4.7142709963662535,0,10.040507942256593,5.97823,17.115852674122166,17.1146
1725252081.2465758,4.027309167936229,4.707039827059761,4.713180458608825,0,10.005481550486392,5.97823,17.136142591491225,17.1146
1725252081.3470306,3.9959940740993254,4.702428352628406,4.718999402601788,-0.016207182160749234,9.966187097374302,5.8761,17.158977147332735,17.1497
1725252081.446941,4.058358456336271,4.705532546698298,4.717544033775678,-0.010556510943739106,9.922566247456784,5.8761,17.184387808288964,17.1497
1725252081.5469398,4.015976115847496,4.699267225276113,4.7179078232600835,-0.018640600694673104,9.88383134706875,5.8761,17.206998457567423,17.1497
1725252081.6466048,3.9771057544767325,4.693406796176409,4.7117268257364495,-0.01832002956004075,9.852489254022052,5.76559,17.225189620411633,17.1883
1725252081.7469661,4.0526986167817824,4.698358610695527,4.709184137113636,-0.013004874186198556,9.81030956630116,5.76559,17.249519700823445,17.1883
1725252081.8469033,4.014885341074897,4.69278606708571,4.700476566070769,-0.010591176708388161,9.771981879719513,5.76559,17.271377827085285,17.1883
1725252081.946924,3.9719581810421527,4.686415914486565,4.690271249276239,-0.005664078593261124,9.728278274487398,5.66371,17.295867062587302,17.2244
1725252082.0470355,4.033639078949247,4.690309464775948,4.678712198600577,0.010153994233388808,9.688572135774129,5.66371,17.317704109475617,17.2244
1725252082.1471574,3.99046308821179,4.684113831063124,4.673664270206604,0.010449560856519824,9.652578038650306,5.55444,17.337215905859228,17.2635
1725252082.2471237,4.067459501544085,4.690078492157162,4.667542164996745,0.02181648600855457,9.612706823279252,5.55444,17.358610582851405,17.2635
1725252082.3469648,4.02364220603029,4.683947566838182,4.665023800844482,0.01856406173240721,9.568207286381158,5.55444,17.38230844873591,17.2635
1725252082.4468064,3.9765647485152695,4.67720352796676,4.667182373448407,0.010021154518352837,9.528543476940634,5.45666,17.403388361569764,17.2994
1725252082.5466306,4.037906454656196,4.681868203684173,4.673010379514192,0,9.492685909753458,5.45666,17.42262090874904,17.2994
1725252082.6466217,3.9990877222123986,4.676211851122437,4.677696841916916,-0.0014849907944789464,9.453131035245342,5.35184,17.444043957340007,17.3389
1725252082.7471025,4.0677644757644655,4.681791454907064,4.680222366231634,0,9.409676623281028,5.35184,17.46772622108802,17.3389
1725252082.8466766,4.029080329850849,4.676152646223505,4.681666076594989,0,9.378275383177888,5.35184,17.484867152072514,17.3389
1725252082.9470506,3.9865238653594273,4.669753162405954,4.6852774954881165,-0.015524333082162833,9.334741036808142,5.25793,17.50881721535177,17.3751
1725252083.0466807,4.040545260255576,4.673916574976732,4.688530235926654,-0.014613660949922114,9.295485371065018,5.25793,17.530511150686895,17.3751
1725252083.1469798,4.005917454370732,4.668674332003108,4.686000156023296,-0.01768717549764709,9.252074001121708,5.25793,17.55454693258356,17.3751
1725252083.246856,3.966766457201375,4.662658720097422,4.67950060060117,-0.016841880503747575,9.219792365359064,5.14834,17.572287027791972,17.4181
1725252083.346972,4.032019639785379,4.668347406465785,4.66473079477611,0,9.176449897733443,5.14834,17.59561909023227,17.4181
1725252083.4470687,3.992050894124106,4.662485291525054,4.654671925301052,0.007813366224001861,9.135421067464437,5.04679,17.617235387974425,17.4584
1725252083.5469625,4.060847984310763,4.669221009345856,4.650726452925787,0.018494524366015064,9.091619216712997,5.04679,17.639982572277678,17.4584
1725252083.646591,4.017543074567381,4.663023840392051,4.650367974945073,0.012655865446977721,9.05943885898656,5.04679,17.656646035214273,17.4584
1725252083.7467067,3.978439414637188,4.657290125502976,4.651018516337799,0.0062716091651768835,9.019191902398667,4.95225,17.677496558070043,17.4964
1725252083.8466432,4.028618709631681,4.661792481354285,4.656758926802976,0,8.975713166165843,4.95225,17.700147044398598,17.4964
1725252083.9469225,3.9979121332961522,4.657250781416881,4.657477075852233,0.0001327731970999224,8.936282532564055,4.85148,17.720817170259757,17.5379
1725252084.0465326,4.053876060798788,4.662588030306228,4.659272763337648,0,8.90033002049954,4.85148,17.739703438569247,17.5379
1725252084.1470022,4.0146937412354005,4.656847969235999,4.650301542043906,0,8.859983061406226,4.85148,17.760765525848228,17.5379
1725252084.2466407,3.9718941739620814,4.650494742762563,4.647792836339616,0.002701906422946543,8.815768644382809,4.75945,17.783580428954842,17.5773
1725252084.3469455,4.029870490163845,4.656996021509844,4.644277841352308,0,8.775241647903547,4.75945,17.804466220027177,17.5773
1725252084.4466288,3.9875046654504027,4.650809158488801,4.638911240556581,0.011897917932220281,8.739396596989932,4.65793,17.82269466599131,17.6223
1725252084.5466251,4.047154610309324,4.657850046601608,4.627841215002352,0.030008831599255714,8.699066980968988,4.65793,17.842918088090865,17.6223
1725252084.6466024,4.00420542758075,4.651842596280687,4.616443818603723,0.03539877767696442,8.654798231901912,4.65793,17.864592061529926,17.6223
1725252084.7468452,3.9728381474057923,4.647392904924171,4.615021296653407,0.03166039884205052,8.614391652754387,4.56556,17.884210664791468,17.6642
1725252084.84656,4.018820144298255,4.653129105012248,4.62000227035268,0.03312683465956745,8.577325697787472,4.56556,17.90221541604115,17.6642
1725252084.94657,3.980733483781422,4.647659004983737,4.632480067926684,0.015178937057052977,8.537956818884721,4.46489,17.92169287798524,17.7101
1725252085.0466166,4.034816825912,4.654241507590873,4.645710072459821,0,8.492887630350882,4.46489,17.944582213718366,17.7101
1725252085.146576,3.996802779749725,4.648598972002086,4.6521607735303,-0.003561801528213948,8.453563711523833,4.37219,17.96488320826503,17.7522
1725252085.2466905,4.051582965449198,4.655176095373802,4.656466521584241,0,8.417143721995457,4.37219,17.983876310470485,17.7522
1725252085.3466554,4.0139463964602475,4.6495290414998935,4.659339298684285,0,8.378208709879722,4.37219,18.00435029198835,17.7522
1725252085.4466631,3.9715422703120917,4.643042544914629,4.652878081737823,-0.009835536823193713,8.334186665939175,4.26173,18.02739161317632,17.8024
1725252085.5468912,4.046708891884369,4.652527620918025,4.648867814861006,0,8.29305829744032,4.26173,18.048701092803622,17.8024
1725252085.646579,4.0086265255366715,4.646892090203975,4.64206412751836,0,8.261761410371632,4.26173,18.06476489337665,17.8024
1725252085.7465947,3.966047007580788,4.64050164475155,4.640990772289917,-0.0004891275383664961,8.21753357294854,4.16098,18.087263052339352,17.848
1725252085.8465555,4.024788155375957,4.647853558524739,4.636342871345347,0.011510687179391965,8.177389803382445,4.16098,18.107561142985592,17.848
1725252085.9470665,3.9898774813477975,4.642675774339839,4.6463600112347745,0.0002538031743206659,8.132851542675667,4.05422,18.13017940449446,17.8963
1725252086.046572,4.053711785144684,4.650497957329279,4.6481511902757315,0,8.1001703941869,4.05422,18.147028228964682,17.8963
1725252086.14658,4.010888439926734,4.644088042560033,4.65352909968032,0,8.055756642699997,4.05422,18.17003449666994,17.8963
1725252086.2468932,3.9798691363597505,4.6393288019761805,4.651443581700297,-0.011756179390044252,8.015532209253989,3.9586,18.190928414891207,17.9396
1725252086.3464427,4.022747832950744,4.644216872241838,4.655389656483319,-0.011172784241480826,7.9720037204292415,3.9586,18.213626831450178,17.9396
1725252086.4470139,3.991701432083602,4.63945696315234,4.653954361058862,-0.013779867089946052,7.931816169691902,3.85709,18.23456507939618,17.9852
1725252086.546587,4.046581759000342,4.645943294770664,4.652160762819877,0,7.894742156911788,3.85709,18.253880092414555,17.9852
1725252086.646959,4.015274809184455,4.641222595511444,4.650726452881937,0,7.854259116555777,3.85709,18.274824277578837,17.9852
1725252086.746818,3.973356364168912,4.63473087258582,4.65646650584846,-0.020658783884766052,7.810663121145514,3.75617,18.29753650618177,18.0299
1725252086.8469377,4.032640301665971,4.6418016676509195,4.664011519865918,-0.020412277918204325,7.7708648220431,3.75617,18.318503824384738,18.0299
1725252086.9471705,3.991751538622448,4.635364439775942,4.666169605083883,-0.031164972205663055,7.727959324168011,3.66348,18.341389415436016,18.0704
1725252087.047027,4.042921792332377,4.641115754036992,4.663292403443654,-0.022176649406661753,7.696137374387108,3.66348,18.35830817931645,18.0704
1725252087.1469798,4.0082440308165985,4.635739937681813,4.650009499339291,-0.018573173565355816,7.651724418195007,3.66348,18.381602379527614,18.0704
1725252087.246898,3.970224593030269,4.629869987727576,4.626771453060835,-0.002253032040676395,7.6123076525188615,3.56252,18.40157532548914,18.1146
1725252087.346986,4.025029201961509,4.636643557676864,4.602594484066055,0.030147495373435973,7.567809517392074,3.56252,18.4230796839814,18.1146
1725252087.446637,3.985680366198768,4.631059634223558,4.591199428243775,0.03986020597978257,7.535026063592028,3.47084,18.4383955469535,18.1549
1725252087.5472445,4.041862480622237,4.638406381618075,4.578490814936851,0.05850542091167554,7.489691349893838,3.47084,18.459054098076066,18.1549
1725252087.6469033,3.9982912626830394,4.632465363620625,4.580606236973689,0.052564402907971264,7.448159580187853,3.37051,18.4778329941167,18.1993
1725252087.74693,4.05573841791657,4.639982926408713,4.594736537594708,0.05019748019107517,7.403720878324202,3.37051,18.498220700371338,18.1993
1725252087.8466668,4.012478677151189,4.633924000543236,4.606785228800265,0.027138771742970746,7.370643092971044,3.37051,18.51381609356417,18.1993
1725252087.946929,3.973628526873743,4.628147225160312,4.629558645515741,-0.0014114203554287386,7.330047091576019,3.26888,18.533649652337957,18.244
1725252088.0469832,4.037251169959893,4.63613438795348,4.639268847164708,0,7.286301793047197,3.26888,18.555661064618118,18.244
1725252088.1469421,3.998072276524468,4.630145462344745,4.642846120686771,-0.014490424917554812,7.245593632855579,3.16316,18.576457100039192,18.2902
1725252088.2469168,4.058182363228385,4.637348848679895,4.629624773945749,0,7.209921868027501,3.16316,18.594440820233725,18.2902
1725252088.3472311,4.020329407029411,4.631736250468774,4.628197882621961,0,7.170420647853279,3.16316,18.614099121937645,18.2902
1725252088.446972,3.985368604324024,4.626444864984298,4.63212306233176,-0.004250405831181858,7.125641174302391,3.06688,18.636385247454776,18.3321
1725252088.54695,4.039799685917924,4.633076714691321,4.627127973637953,0,7.0860269132324,3.06688,18.6561136668092,18.3321
1725252088.6466029,3.9959647809619354,4.6264865279080905,4.628911253319172,-0.0024247254110818517,7.048110270810329,2.95964,18.67494116070227,18.3785
1725252088.7466385,4.060169235568797,4.634335099592103,4.623563630958863,0.010771468633239856,7.00744740920003,2.95964,18.695090270672736,18.3785
1725252088.846683,4.026056232872283,4.629320190741492,4.619646288884408,0,6.97181347155497,2.95964,18.712555121799227,18.3785
1725252088.9469068,3.9871019941109194,4.623477154969987,4.6235636893588,0.001694541650160808,6.923204576019094,2.85989,18.73636315999951,18.4218
1725252089.0465732,4.041237519884115,4.630054602429787,4.6331941674152155,0,6.887437582997459,2.85989,18.754156974968847,18.4218
1725252089.1465843,4.00269901207725,4.62412771647651,4.641772658796027,-0.0176449423195173,6.847008516288598,2.85989,18.774624770038617,18.4218
1725252089.2468567,3.9690072058523014,4.6188298559172205,4.633127952439922,-0.015726648165320434,6.803605435052703,2.75644,18.796579074917343,18.4665
1725252089.3469028,4.02952194862282,4.626341249092479,4.623853918909688,0,6.762797079633638,2.75644,18.816881934280637,18.4665
1725252089.4466026,3.9862678312478437,4.619814554584503,4.613177997782744,0.006636556801758786,6.725638820511763,2.65832,18.83499958709531,18.5087
1725252089.5465584,4.041251727253743,4.6266774956594325,4.607140100552867,0.019537395106565825,6.684736368588758,2.65832,18.854657728330906,18.5087
1725252089.6468875,4.008887713338138,4.621940026027779,4.60252880630226,0.017283526354169965,6.638608112904622,2.65832,18.87659450508078,18.5087
1725252089.7469132,3.9667735478847104,4.615679113771918,4.603947120503182,0.013504832219251917,6.598115267178046,2.55715,18.89572626390933,18.5519
1725252089.8468525,4.023077502269672,4.62274304473398,4.6195802927901015,0,6.551922974139391,2.55715,18.917988848474398,18.5519
1725252089.9465826,3.981693498264918,4.6164523836965135,4.617155271248443,-0.0007028875519292654,6.520534131557593,2.46436,18.933304430811425,18.5917
1725252090.0469637,4.0389246319555365,4.623704387540604,4.61893444682213,0,6.479135298050392,2.46436,18.95345793417611,18.5917
1725252090.1469233,3.9966947801645114,4.61728226893457,4.626414898285403,-0.008776092844338557,6.434977380691574,2.3723,18.97520761212413,18.6314
1725252090.2465708,4.046074753536747,4.623330932859327,4.616799538002741,0,6.4023399670175,2.3723,18.991259382883136,18.6314
1725252090.3465962,4.004698649566908,4.617142435531563,4.612888414592379,0,6.358847256639291,2.3723,19.012257249405547,18.6314
1725252090.4468493,3.973621057397878,4.612373731751322,4.6182227129224485,-0.006204812061000098,6.31802488270868,2.26837,19.032081172432402,18.6763
1725252090.546878,4.030181568674036,4.619540303426719,4.612532996146037,0,6.272839128925327,2.26837,19.053990986091428,18.6763
1725252090.6466365,3.9914463745804567,4.613676914579859,4.615376923563854,-0.0017000089839953603,6.24038568980275,2.16932,19.069664361771956,18.7187
1725252090.7465873,4.043641342135415,4.620101122546569,4.617155318968063,0,6.195753615465119,2.16932,19.091349492256718,18.7187
1725252090.846537,4.004799606862619,4.614237450288479,4.610046161434175,0,6.1548445237915965,2.16932,19.111146380264554,18.7187
1725252090.946887,3.9703137707520373,4.608985707328972,4.599759229659478,0.0071002432856666076,6.110277283273651,2.06653,19.1323545533811,18.7615
1725252091.0465758,4.029559183649899,4.616424167678888,4.590911402365411,0.02551276531347657,6.077548819326021,2.06653,19.147602636030538,18.7615
1725252091.14655,3.9865756456430623,4.610133633553973,4.588725255825648,0.021408377728325156,6.032281671687005,1.97248,19.168438640271635,18.7995
1725252091.2465384,4.0371828863070025,4.616156005383047,4.589432005161237,0.026724000221809874,5.990983566093716,1.97248,19.18741074589682,18.7995
1725252091.3468235,4.001713630950225,4.610937357427854,4.596506222272974,0.014431177356462044,5.945575539924189,1.97248,19.208543948010227,18.7995
1725252091.4465768,3.9635050548481376,4.605167432665748,4.5968602663884,0.008307166277348621,5.913223734360146,1.87835,19.22365933316147,18.8366
1725252091.5470319,4.010500786719244,4.610372417755178,4.606430344662103,0,5.867999479153248,1.87835,19.245028199036128,18.8366
1725252091.6470218,3.971610080478355,4.604416357960151,4.599339332840069,0.005077025120082013,5.826831874494121,1.78046,19.2645924276768,18.8746
1725252091.7470121,4.022678377839558,4.610101941588445,4.58949747661754,0.020604464970904957,5.782112804903527,1.78046,19.285350727991606,18.8746
1725252091.8465862,3.9908274336459124,4.605386146979182,4.586317996204199,0.019068150774982584,5.748462522563058,1.68169,19.300815422144755,18.9116
1725252091.9470127,4.047762137592459,4.611546278070069,4.594802150890499,0.01674412717957008,5.708888219299724,1.68169,19.31909579751968,18.9116
1725252092.0465813,4.004105579845611,4.605023315496473,4.602239996036328,0,5.662739305535882,1.68169,19.340677989930757,18.9116
1725252092.1469557,3.9734619392494834,4.600236135965386,4.617155292456111,-0.01656343384462211,5.621788289874303,1.58561,19.36038742401754,18.9459
1725252092.24662,4.0231269143556485,4.604787671722441,4.610401365788237,0,5.585469411260673,1.58561,19.377958860761147,18.9459
1725252092.3465776,3.9847969808902217,4.598844266381805,4.606496104612113,-0.007651838230307462,5.544747763643559,1.48691,19.39738105985003,18.9771
1725252092.4466002,4.037318539654341,4.6027624894709245,4.6061412448404,0,5.499992644910706,1.48691,19.418811077236185,18.9771
1725252092.5468051,4.006462346945099,4.59800603900686,4.604012831060614,0,5.458931635770602,1.48691,19.438291014269655,18.9771
1725252092.6469142,3.9641772895889744,4.591364309149695,4.597279973163987,-0.006623797712101087,5.4139322763518525,1.38576,19.459515652541477,18.9906
1725252092.7466102,4.0254194944685135,4.591873550298678,4.60401280992191,-0.012139259623231702,5.381982324627035,1.38576,19.474551690357252,18.9906
1725252092.8466666,3.982774397401734,4.585064657784295,4.606850952002264,-0.021786294217969626,5.336294647274013,1.28605,19.496335010935905,18.9639
1725252092.9470763,4.054703461453546,4.576824079016502,4.60146536432098,-0.02605928201480001,5.295286622543816,1.28605,19.515800646267547,18.9639
1725252093.0469463,4.012442232186837,4.569978233780795,4.594028882985154,-0.02582003274658984,5.249886605269172,1.28605,19.537107406114764,18.9639
1725252093.1469133,3.974035885904731,4.563709064037206,4.582369875021042,-0.018660810983836207,5.2162422840784,1.19454,19.552584833021207,18.9175
1725252093.2465754,4.029724520772425,4.549051240952348,4.55599535404456,0,5.170628978483077,1.19454,19.572783258217356,18.9175
1725252093.3469398,3.999051411684482,4.544182372193448,4.544794809440795,-0.001661147572483479,5.128908016891606,1.10528,19.590469375398513,18.8561
1725252093.446877,4.05561126592278,4.52632293653002,4.535369080623809,-0.011487709200535434,5.0821338084760805,1.10528,19.60998215456763,18.8561
1725252093.5470307,4.01742719804929,4.520156696097753,4.52805366529729,0,5.04870700064352,1.10528,19.623631616431418,18.8561
1725252093.6466033,3.975849392210689,4.5134046983633604,4.516997248446952,-0.0035925500835913837,5.0026773923164916,1.01984,19.64202108758241,18.7827
1725252093.7470706,4.044345793561918,4.494933491354438,4.510063066292202,-0.01547593438424233,4.960606127173821,1.01984,19.65849716936389,18.7827
1725252093.8470223,4.006523299890869,4.4886145644466,4.505562536277061,-0.019716900496080214,4.913120997990881,0.944211,19.676954626843138,18.7046
1725252093.9466658,4.05632355391909,4.4670349073770925,4.493127780694484,-0.026092873317391074,4.879053267351296,0.944211,19.689880216559995,18.7046
1725252094.0466108,4.0190522487583085,4.460651487994655,4.486925910716919,-0.026274422722264212,4.836587130439181,0.944211,19.705693920387354,18.7046
1725252094.1469598,3.985591721320733,4.4549012268506765,4.471466688252077,-0.01862289429693398,4.790171065380756,0.87445,19.722473605005685,18.6213
1725252094.2469566,4.037690906540568,4.433061911545778,4.4530020872897484,-0.024035196621560395,4.746866172307921,0.87445,19.737520694932677,18.6213
1725252094.3466294,3.9963190252614864,4.425947272491461,4.4349719558154215,-0.009024683323960225,4.7079402396113155,0.811456,19.750422816380794,18.5369
1725252094.4465504,4.044140202175682,4.404151730889053,4.408942546822842,0,4.664995196183706,0.811456,19.763808977198146,18.5369
1725252094.5469134,4.009509464760407,4.3983077010634775,4.3921463220448524,0,4.615907602956134,0.811456,19.778167768015958,18.5369
1725252094.6466262,3.9636199037218995,4.390553194579065,4.3797095398237555,0.010843654755309018,4.571569159207524,0.749829,19.79062715178974,18.4447
1725252094.746613,4.018327789955545,4.3679677144401206,4.380711193775353,-0.012743479335232344,4.532164501288817,0.749829,19.801496367631962,18.4447
1725252094.8465264,3.9818546907526557,4.361470639226369,4.385389449402396,-0.023918810176026817,4.4890191911672055,0.696211,19.81350367202455,18.3544
1725252094.9466116,4.022987499290575,4.337593626518318,4.377040063348829,-0.03944643683051119,4.439933000643065,0.696211,19.82714369845853,18.3544
1725252095.0466518,3.9866931221206494,4.3307635263734285,4.377707188775993,-0.046943662402564534,4.3961033917887695,0.643643,19.839162047988722,18.2551
1725252095.1467352,4.03312177212794,4.305154801028228,4.36605137272143,-0.06089657169320262,4.346935248597675,0.643643,19.85250344005163,18.2551
1725252095.2465777,4.00375225826047,4.299460019358885,4.351457748174168,-0.05199772881528286,4.3108773962196665,0.643643,19.86178106004558,18.2551
1725252095.346513,3.963855479100717,4.291723035066853,4.335284306301752,-0.043561271234898946,4.261918426729786,0.599192,19.873813438357807,18.1615
1725252095.4467564,4.013667863188201,4.269322352962844,4.310690909672308,-0.04659859452381099,4.216373576788973,0.599192,19.884160947461428,18.1615
1725252095.5469272,3.9741063416410993,4.261790908534388,4.271169237678414,-0.017123145145920837,4.16751139038562,0.553722,19.89393475974192,18.0541
1725252095.6466584,4.025340703089172,4.235936346058965,4.247100455606999,-0.011164109548033707,4.130750196309507,0.553722,19.900241126445422,18.0541
1725252095.74701,3.996200697125739,4.230649047743013,4.215011168255248,0.008363315783418201,4.081267203519961,0.517965,19.907531774667,17.9588
1725252095.8469741,4.030711778311992,4.20640237729571,4.201463241324344,0,4.034147384571105,0.517965,19.913537617735095,17.9588
1725252095.9468443,3.993383903246351,4.1996271758771035,4.191738758789814,0.005382285985072066,3.9840824037255587,0.48286,19.919477368591835,17.8522
1725252096.046953,4.036549752020007,4.17353034994536,4.185796306006577,-0.012890798826545868,3.938190337286874,0.48286,19.92459195745786,17.8522
1725252096.1466684,4.000130981193487,4.166627554387553,4.186108671439218,-0.01948111705166511,3.9019011775327703,0.48286,19.928544213525132,17.8522
1725252096.24694,3.9672876418423324,4.160270715942506,4.177997837273059,-0.021467445802127116,3.851840076470985,0.453519,19.933929348657358,17.7521
1725252096.3468919,4.00988351433918,4.136010559836119,4.164582025343963,-0.03079876432840134,3.8061269166128766,0.453519,19.93831758018355,17.7521
1725252096.4469264,3.969286679954142,4.127964849885475,4.158083654098782,-0.03104611753384212,3.755111753720421,0.424027,19.942794095234976,17.6425
1725252096.5465424,4.019398816885976,4.10216464744156,4.1488293181297555,-0.046664670688195464,3.718002645122898,0.424027,19.94582179656286,17.6425
1725252096.6469662,3.9872749158326393,4.0956125577514975,4.134093788162077,-0.04154382294564485,3.6673803699754326,0.398273,19.94938056314912,17.541
1725252096.746974,4.032079393379908,4.0716208277559645,4.110640169007882,-0.042659397932503396,3.6211382462088424,0.398273,19.951847659753323,17.541
1725252096.8469498,3.992507542670576,4.063623902738458,4.0814221453555195,-0.024392801773266193,3.5707493553068996,0.371433,19.95346707273894,17.4297
1725252096.9466572,4.045852928164245,4.03873236955649,4.056122396704812,-0.017390027148322496,3.5334520668637457,0.371433,19.953697095308417,17.4297
1725252097.0465653,4.0059207364242075,4.031088245112897,4.023516597631616,0,3.4830486283916975,0.371433,19.952644535193354,17.4297
1725252097.1468,3.9675517742252677,4.023896354475646,4.007544116910795,0.016352237564850824,3.435194881905994,0.348268,19.950578857092882,17.3281
1725252097.2468684,4.0186859630540965,4.002061909490053,4.011598263626665,0,3.385962665498647,0.348268,19.948193849875317,17.3281
1725252097.3465862,3.9818070191848522,3.9947897094283293,4.011018584774581,-0.016228875346251392,3.348107912828367,0.324102,19.946448264733256,17.2162
1725252097.4468474,4.0351637816214225,3.9700117450016577,4.011362125812603,-0.04135038081094544,3.297467038438299,0.324102,19.9441382494298,17.2162
1725252097.547357,4.007125079903502,3.9641475443031404,4.009623834410419,-0.046924793701603296,3.2515386385186655,0.302855,19.94201425191207,17.1133
1725252097.6470294,4.055459081902801,3.9412107046780775,3.995482952957195,-0.05715017195961103,3.2018574114366487,0.302855,19.939335166765563,17.1133
1725252097.7467418,4.0204571288429785,3.933777225065531,3.980583485513169,-0.046806260447637804,3.164974914875249,0.302855,19.936834153811287,17.1133
1725252097.8465922,3.981540116372867,3.925534015052569,3.9697655728037713,-0.044231557751202466,3.1141245874971166,0.278629,19.932772469221902,16.9921
1725252097.9470263,4.057577082931913,3.9029033911856055,3.9556223749088466,-0.05666862846688803,3.068733140971418,0.278629,19.928634138453006,16.9921
1725252098.0468667,4.022845078445948,3.895547475718036,3.9287074824893464,-0.039891205978884514,3.018288588115428,0.278629,19.92299837774989,16.9921
1725252098.1468747,3.9838849942479375,3.887471998030083,3.9137670421303974,-0.026295044100314247,2.982164842784806,0.256436,19.918229456153938,16.8798
1725252098.2465158,4.046420167157053,3.865488393068927,3.897311195303008,-0.03182280223408096,2.9364144719229475,0.256436,19.91150439838795,16.8798
1725252098.3468382,4.015398019766068,3.8591662771446797,3.8772267732169072,-0.02184230536427778,2.8881794524690445,0.256436,19.90351766295885,16.8798
1725252098.4465911,3.97913759696101,3.8518542587134585,3.866199994093736,-0.014345735380277613,2.8509616029666445,0.236186,19.896747614908023,16.7773
1725252098.546595,4.031153175480126,3.8313365799056065,3.8478065334699894,-0.016469953564382855,2.8013686634480774,0.236186,19.886967800156302,16.7773
1725252098.6465845,3.9947640946456358,3.824066625208407,3.836711678441249,-0.012645053232842152,2.7557427995294215,0.214424,19.877295758999523,16.6654
1725252098.747029,4.065816204413316,3.804980114867012,3.8254324306458924,-0.021759710836951385,2.7096511411760487,0.214424,19.866961462923694,16.6654
1725252098.8470356,4.0305445854289035,3.797900386628782,3.8183915523990812,-0.02049116577029908,2.6738454467820527,0.214424,19.858601497281175,16.6654
1725252098.946643,3.991391214718573,3.7900342511044007,3.805179605550278,-0.015145354445877057,2.625004976261128,0.194787,19.846642396583537,16.5625
1725252099.0466053,4.049867525882387,3.7714936378388244,3.7941294376986248,-0.022635799859800354,2.580421191962892,0.194787,19.83514059733639,16.5625
1725252099.1469142,4.017150514201649,3.764937144370671,3.780876207619301,-0.018224277782671994,2.5311970140422053,0.194787,19.821753377232216,16.5625
1725252099.247099,3.982094710445241,3.757915658623684,3.7735373448909346,-0.015621686267250467,2.496591500929183,0.173283,19.811926768286696,16.4497
1725252099.3465996,4.048403656843915,3.7385161303283643,3.767492271459221,-0.02897614113085689,2.44889329060233,0.173283,19.798008524322686,16.4497
1725252099.446531,4.013015750747129,3.731280436494818,3.761018955616944,-0.029738519122126217,2.4049273269806672,0.173283,19.78497495322343,16.4497
1725252099.5465825,3.9747828124870597,3.72346516200965,3.7493103804794625,-0.02584521846981236,2.3577809384817137,0.15313,19.770372697393057,16.3454
1725252099.646964,4.046127609583857,3.7079652024403402,3.7478228266288633,-0.03985762418852312,2.324179103085301,0.15313,19.7597366010148,16.3454
1725252099.7466626,4.008465073772211,3.700120930736548,3.739916711381207,-0.03979578064465894,2.2773707637587406,0.15313,19.744722495032995,16.3454
1725252099.8465753,3.973272344015935,3.6928321725163347,3.723469026968397,-0.030636854452062323,2.234105752282339,0.130853,19.73013529808977,16.2324
1725252099.9469047,4.053349691387205,3.6772631702013308,3.707512233201641,-0.03458115611581247,2.186681504223632,0.130853,19.71322380805411,16.2324
1725252100.0465884,4.014254298604493,3.6693717419836953,3.6948432444924064,-0.025471502508711108,2.152495202245331,0.130853,19.700425429544207,16.2324
1725252100.1465545,3.97818811659037,3.6622094876946267,3.678074998813626,-0.015865511118999365,2.1096648095123802,0.110257,19.68352800595909,16.1298
1725252100.2465816,4.038216943947847,3.64638924678058,3.665478482198302,-0.019089235417721895,2.063257493678314,0.110257,19.664341718254256,16.1298
1725252100.3469052,4.010187727150525,3.6409180771796086,3.657156398127215,-0.018082414204452668,2.0223189047395427,0.110257,19.646847497252356,16.1298
1725252100.4469771,3.971520257956242,3.633339388378248,3.649581155737088,-0.01761528112405708,1.9773575525406002,0.0859512,19.627139323102416,16.0094
1725252100.546621,4.054937990210422,3.6179792053303417,3.64455941438611,-0.0265802090557683,1.9454284023994588,0.0859512,19.612852044666116,16.0094
1725252100.646597,4.016219503993324,3.6103944101885816,3.6339075318138865,-0.023513121625304834,1.9005500368624122,0.0859512,19.592310850902372,16.0094
1725252100.7469177,3.9876283970604898,3.604803576761149,3.6233600730650597,-0.0210156549968028,1.8595308459427904,0.0632911,19.57289798000091,15.8975
1725252100.8469517,4.058777194970803,3.5900079546037618,3.6111504055611885,-0.022909457530561728,1.814860594331999,0.0632911,19.55099001284049,15.8975
1725252100.9465468,4.022381088506565,3.5830282855128055,3.6034556604660244,-0.02042737495321889,1.7818048138168454,0.0632911,19.53429257541569,15.8975
1725252101.0465808,3.982139253232387,3.575303208913719,3.594733402380201,-0.019430193466481782,1.7367480578482473,0.0421829,19.510943626565037,15.7945
1725252101.1468987,4.055534156125294,3.5638713472219914,3.588457748617864,-0.025665530550649684,1.6962962961020938,0.0421829,19.48951143434727,15.7945
1725252101.2470286,4.015424223873013,3.5561674519933746,3.5817940077912804,-0.027341785073864866,1.6515677653402887,0.0421829,19.465399581812274,15.7945
1725252101.3468735,3.9792430520939166,3.549178179361793,3.5739010845356987,-0.026636726592435878,1.611484108268646,0.0191646,19.443286724378304,15.6834
1725252101.4465399,4.051068528138382,3.536070862250145,3.566956378178961,-0.03088551592881572,1.5760976892723035,0.0191646,19.423335236765777,15.6834
1725252101.5468385,4.0221417504636285,3.530549924436016,3.556436431956887,-0.02859985941318266,1.5366234619954668,0.0191646,19.40052268691378,15.6834
1725252101.6468928,3.982423291075239,3.5230357656945985,3.5421726235811533,-0.02160084697617215,1.4939725696977992,-0.00225248,19.37490485947248,15.5809
1725252101.7469318,4.04921050272675,3.5118581341922024,3.531779379387862,-0.022152126129965755,1.4553260685664895,-0.00225248,19.350864926651344,15.5809
1725252101.8469105,4.008855034597461,3.504467989453371,3.52251455429068,-0.018046564837309376,1.4207459008356313,-0.00225248,19.328698593382065,15.5809
1725252101.9469814,3.979406658723772,3.4990954047874414,3.513156001284453,-0.015844235642092475,1.3827282337354674,-0.0260137,19.303675964888406,15.4673
1725252102.0469258,4.057701847091868,3.488307890387191,3.503906602202181,-0.01814610472429301,1.341728410775449,-0.0260137,19.275961017372268,15.4673
1725252102.147012,4.017545133776771,3.481144379947061,3.49650842642349,-0.016915601297431415,1.3048106362845384,-0.0260137,19.250374978333852,15.4673
1725252102.246585,3.980750428769538,3.4745588896114357,3.491680342144071,-0.017121452532635306,1.2750857547193715,-0.0479394,19.229415652804658,15.3624
1725252102.3465886,4.047014005831149,3.4641801828033305,3.4844012867048773,-0.020221103901546744,1.2350517758372628,-0.0479394,19.200662107532157,15.3624
1725252102.4470417,4.01784169193486,3.4590164409642825,3.4787055812924508,-0.020635304054594794,1.1989099239304868,-0.0479394,19.174214972614394,15.3624
1725252102.5471094,3.9776533361441406,3.451877995033802,3.470620301313458,-0.020239521018839746,1.1593655411774566,-0.0718673,19.144681001485395,15.2478
1725252102.6465876,4.057344872450147,3.4425071133331513,3.465034325019096,-0.022527211685944515,1.1307041578578805,-0.0718673,19.122831522806372,15.2478
1725252102.7466,4.01704023136296,3.435479137243333,3.4583908843083324,-0.02291174706499932,1.091765837414308,-0.0718673,19.092610807035882,15.2478
1725252102.846893,3.9873532155203626,3.4302862654272834,3.4516309892335917,-0.022800473785950626,1.0563948665448737,-0.0941421,19.06460448227143,15.1425
1725252102.9469416,4.054215510854849,3.421260113077676,3.443323214097958,-0.023500259695612424,1.0180982206710376,-0.0941421,19.033574800950216,15.1425
1725252103.0468774,4.017150218894988,3.4149152073385167,3.438318811456535,-0.02340360411801834,0.9902158517949444,-0.0941421,19.010530986632233,15.1425
1725252103.1469028,3.9762153889469,3.4078977783222872,3.4307109482609293,-0.02281316993864202,0.952272980239686,-0.120611,18.97855321901888,15.0179
1725252103.2469583,4.073401338247242,3.4011265615729678,3.423338648409764,-0.02398380274838674,0.9179393011605916,-0.120611,18.94896029359452,15.0179
1725252103.3468547,4.031637477642581,3.394176128800488,3.415777754019895,-0.022974811805707596,0.8800952736397754,-0.120611,18.915530917792047,15.0179
1725252103.4469268,3.9936183357491606,3.3878509722912713,3.409299752674002,-0.021448780382730792,0.8529407953466125,-0.144551,18.89103623739332,14.9043
1725252103.546622,4.068214773608449,3.3800774832972422,3.4010558688534305,-0.02097838555618825,0.8164858644759706,-0.144551,18.85737217102398,14.9043
1725252103.6469448,4.037709067493406,3.375160776596609,3.394912696386582,-0.02123973093641407,0.7834047225186656,-0.144551,18.826113187094773,14.9043
1725252103.7466717,3.996177177290038,3.368461253018989,3.3890032506976953,-0.02054199767870646,0.7542990272654803,-0.166851,18.79807717143375,14.7984
1725252103.8466136,4.066298128023974,3.3619698442361265,3.382676885825082,-0.020707041588955644,0.7220324465112714,-0.166851,18.766354975108655,14.7984
1725252103.9465647,4.024619965313004,3.3554346455940975,3.375157375605454,-0.019722730011356493,0.6872375051776556,-0.166851,18.731350379869983,14.7984
1725252104.0469046,3.993854901476587,3.350626781547329,3.3679088353970434,-0.018534772170241354,0.6556956031828772,-0.19158,18.698815305545885,14.6819
1725252104.147003,4.07442167537872,3.3448036799133685,3.3607703505617055,-0.017818261428324877,0.6214577815513836,-0.19158,18.662624532682337,14.6819
1725252104.2469304,4.0322552771036815,3.3384436670880278,3.3549565348884314,-0.017730560147386942,0.5910553065624937,-0.19158,18.629740345628313,14.6819
1725252104.3466113,3.993655190547593,3.332623509357337,3.349968888012184,-0.017345378654846755,0.5666997007752034,-0.213945,18.602906717206693,14.5768
1725252104.4469407,4.066348801766156,3.3280248415881735,3.343407356537412,-0.01641961229984723,0.5337730027535885,-0.213945,18.565872944379393,14.5768
1725252104.5469737,4.027119322681198,3.3222899959613357,3.338406635828725,-0.01714123757027375,0.5039435562149869,-0.213945,18.53158495486378,14.5768
1725252104.6469386,3.9839862918859352,3.315967216601891,3.3327452831366617,-0.018077422759857686,0.4713813784977007,-0.238178,18.493442693986285,14.4638
1725252104.7465749,4.060226742434831,3.3114242514655894,3.328730074264428,-0.017305822798838744,0.4480667939117892,-0.238178,18.465613249367333,14.4638
1725252104.8465593,4.017047850951023,3.3052707107175454,3.3236284111688086,-0.01835770045126317,0.41639271316448867,-0.238178,18.427158502368613,14.4638
1725252104.9469004,3.986344611285606,3.3008788317194617,3.319847072224605,-0.019665599470785278,0.3885857127155401,-0.260417,18.392816020263393,14.3609
1725252105.0469682,4.0489537177317505,3.2963202349193743,3.315527555448422,-0.02003436562017935,0.358062197919037,-0.260417,18.35452159859699,14.3609
1725252105.146626,4.00989879742227,3.290847171376857,3.31182929929174,-0.020982127914883186,0.3358588799390201,-0.260417,18.32621757121312,14.3609
1725252105.2466075,3.9666097462837473,3.284765432559396,3.307361726510966,-0.022596293951569812,0.30555531426585636,-0.284857,18.28692448015773,14.249
1725252105.3469107,4.049457824226828,3.2824907422913365,3.303774121505368,-0.021949432159771742,0.2784330258362894,-0.284857,18.251187832147988,14.249
1725252105.4469185,4.0054979096050625,3.276463132554264,3.299411389914574,-0.023737190470690894,0.2483680156081808,-0.284857,18.21088231271122,14.249
1725252105.5466638,3.9659371776925516,3.2710213993697868,3.295625365434093,-0.02460396606430626,0.2270173406221501,-0.306991,18.18176523032034,14.1474
1725252105.6465464,4.025587749160165,3.2673343329066995,3.2904767899223413,-0.02314245701564177,0.19786034081681986,-0.306991,18.141205434653003,14.1474
1725252105.7465537,3.9861869557203873,3.2620895812051236,3.2854136296069356,-0.023324048401812014,0.17217078152660073,-0.332638,18.104683213655502,14.0285
1725252105.8469646,4.07191448932522,3.260285856140175,3.2795737900601676,-0.020273601216000525,0.1445531355609069,-0.332638,18.06441862566877,14.0285
1725252105.9465976,4.032026808401667,3.2552245319712774,3.2748178145185656,-0.019593282547288204,0.12454342582140106,-0.332638,18.03452363042876,14.0285
1725252106.0465808,3.9880192618596597,3.2496885151732173,3.2688398468631408,-0.019151331689923445,0.09761134430498278,-0.356341,17.99324250547104,13.9161
1725252106.1465952,4.062089718759452,3.2476277732302568,3.2635746239487737,-0.01594685071851698,0.07357648558182521,-0.356341,17.955375162556056,13.9161
1725252106.2467003,4.029757662469063,3.243767128052707,3.259440971254026,-0.015673843201319038,0.05468134631827386,-0.356341,17.924841379667082,13.9161
1725252106.3465288,3.985444208135759,3.238495922883248,3.2552653622095806,-0.01676943932633268,0.029257434368294175,-0.377169,17.88284670020353,13.815
1725252106.4465609,4.046776080863591,3.2364071919090205,3.252044265222957,-0.0156370733139366,0.005949576821365714,-0.377169,17.843599856618184,13.815
1725252106.5465791,4.00186915359017,3.2312003515788588,3.2494129353031624,-0.018212583724303677,-0.01905042137742317,-0.377169,17.80081331801953,13.815
1725252106.6469233,3.9692542640957917,3.227392025643384,3.2470282538836397,-0.020175910467301605,-0.04153924074007558,-0.39958,17.761778078327854,13.7049
1725252106.7465754,4.035483065575516,3.22541405340138,3.24390520396281,-0.018491150561430025,-0.061716125196915064,-0.39958,17.726214657503167,13.7049
1725252106.846611,3.9944773079447486,3.220767557527942,3.2411619079186584,-0.020394350390716465,-0.08364796312663571,-0.419377,17.68686382602386,13.6047
1725252106.9465458,4.050634189066125,3.2186854648004175,3.2369104662835553,-0.01822500148313777,-0.10741145513213035,-0.419377,17.643303079339027,13.6047
1725252107.0469491,4.0174744433248035,3.215061884765195,3.233756626540112,-0.019301090034529622,-0.12875569987772198,-0.419377,17.60325473158539,13.6047
1725252107.1465428,3.9716919826075383,3.2100600425181622,3.2305558839682424,-0.02049584145008021,-0.14765802976271958,-0.440691,17.567086402904465,13.4956
1725252107.2465901,4.040312345006661,3.2090691118799546,3.2268454140364775,-0.017776302156522927,-0.1682718664432036,-0.440691,17.52671791701575,13.4956
1725252107.3465626,3.9943550140712873,3.2042813652454725,3.2230053862937065,-0.018724021048234007,-0.19045400544955712,-0.46029,17.48210892699299,13.3934
1725252107.4469278,4.064615342135248,3.2041851535532873,3.219903115435642,-0.01637105540299366,-0.21009154816190026,-0.46029,17.441638050922645,13.3934
1725252107.546653,4.0186835182494525,3.199583048876095,3.21777612680813,-0.018193077932035173,-0.22737554960353978,-0.46029,17.405328224513283,13.3934
1725252107.646639,3.9772409549831482,3.1954249313226657,3.2152257886018907,-0.01980085727922498,-0.24628945445683015,-0.481045,17.364879495163294,13.2823
1725252107.7465553,4.043761351407369,3.1946249213364446,3.2124522569453617,-0.01782733560891714,-0.2666956717257591,-0.481045,17.320376303464847,13.2823
1725252107.8467202,4.010487143112087,3.1914069355490917,3.210166672635847,-0.01919639632401937,-0.2849354043012648,-0.481045,17.27976430261271,13.2823
1725252107.946605,3.964806470180332,3.1869899705594364,3.207575496519553,-0.020585525960116424,-0.30111524217760866,-0.49967,17.243021604484944,13.1804
1725252108.0465925,4.025485957055036,3.186528455211179,3.2049498400557557,-0.01842138484457667,-0.3188424312393406,-0.49967,17.201822457392833,13.1804
1725252108.146898,3.9793287219643534,3.182255505553847,3.2022127733510857,-0.01995726779723883,-0.33790373307511845,-0.520513,17.156439329827567,13.0597
1725252108.2469304,4.06716876733759,3.183155527493799,3.1999373556273576,-0.017104242892292287,-0.3549154659368096,-0.520513,17.11501123908878,13.0597
1725252108.3466098,4.024882323500795,3.179411831929364,3.198021320113151,-0.018609488183786826,-0.36833154094233117,-0.520513,17.081704291587496,13.0597
1725252108.4469464,3.9782075675450943,3.175300984380825,3.195129557698764,-0.019828573317939302,-0.38643965689831145,-0.538265,17.035647659255915,12.9474
1725252108.5469081,4.056522591159624,3.1758063188806442,3.1922242420835163,-0.01694450660677127,-0.40270506263131317,-0.538265,16.99305572932701,12.9474
1725252108.646914,4.009604544500604,3.1719030113719273,3.189412843932807,-0.017948435181488698,-0.4197968482607418,-0.538265,16.946824186965646,12.9474
1725252108.7465472,3.9669437546393977,3.1683781288221713,3.1875351624421615,-0.019157033619990216,-0.43202123168082646,-0.552698,16.912920774648125,12.8449
1725252108.8465254,4.022489879222805,3.1675036504252647,3.18499694841331,-0.01749329798804533,-0.4484829396958523,-0.552698,16.866039645629794,12.8449
1725252108.946917,3.988166055940382,3.164814870156539,3.1823954477771905,-0.018053800811604237,-0.46297857068934634,-0.566677,16.823385657498946,12.7331
1725252109.0468953,4.044239860682806,3.163410070178253,3.1800699841074263,-0.01665991392917343,-0.47844913397035005,-0.566677,16.77637737044981,12.7331
1725252109.1469338,4.009882482222067,3.160875720981845,3.178194553995968,-0.01731883301412296,-0.489358957683105,-0.566677,16.742236994611645,12.7331
1725252109.2468412,3.962359120918171,3.1574007093751346,3.1761285992413444,-0.018727889866209768,-0.5040424147254198,-0.578341,16.69496404509934,12.6294
1725252109.3468435,4.031828584933751,3.157452148721338,3.1742920835870048,-0.017324798382901463,-0.5169763240866481,-0.578341,16.652087472344814,12.6294
1725252109.4469407,3.9842783314008687,3.154151628207672,3.1720958074099515,-0.018295168877429102,-0.5307914999193291,-0.589735,16.604704337841028,12.5177
1725252109.5469239,4.052113490200597,3.153680813581603,3.1703141762128815,-0.017031007183363922,-0.5431883633302856,-0.589735,16.56077386025024,12.5177
1725252109.6469195,4.004058319994865,3.1505451475605004,3.168695810015898,-0.018150662455397537,-0.5538891708598592,-0.589735,16.521597864138563,12.5177
1725252109.7470863,3.969024802376822,3.1482861820612547,3.166911056733107,-0.018998404764577703,-0.565458041674901,-0.598995,16.47785318639682,12.4165
1725252109.8469522,4.022009026793029,3.1474286891142866,3.165033110001207,-0.017912406010910153,-0.5776781647507016,-0.598995,16.429828729779313,12.4165
1725252109.946939,3.978412444480425,3.1447953635206884,3.163227250071637,-0.018876591672463583,-0.5883759651420628,-0.607998,16.386067484820572,12.3032
1725252110.0469341,4.043352756458884,3.1441411874986263,3.161635264749127,-0.017779013110725383,-0.5997197136986602,-0.607998,16.337760447729586,12.3032
1725252110.146657,3.9992106072138727,3.141668054512879,3.1601949952348964,-0.01852694072201766,-0.6076964558288868,-0.615035,16.30241059584552,12.1986
1725252110.246839,4.068984338517096,3.141532358531487,3.1585460538763863,-0.017495952711323426,-0.6181027221640671,-0.615035,16.25429958408014,12.1986
1725252110.3469098,4.020276939293975,3.1390082487049913,3.1569243208289373,-0.018249101714764127,-0.6272038853721542,-0.615035,16.21003086131908,12.1986
1725252110.446899,3.975983984803662,3.1367769894415978,3.1555487713678043,-0.019089640657495632,-0.6367547755060492,-0.621392,16.16113508535355,12.0759
1725252110.5466046,4.049611243990983,3.1361478493866746,3.1545404043720238,-0.018392554985349197,-0.643441231377044,-0.621392,16.125451216968848,12.0759
1725252110.6469364,4.013593928091506,3.1344846265377337,3.1532787095487897,-0.019048567255185223,-0.6514872857868452,-0.621392,16.08045253892016,12.0759
1725252110.7470195,3.9641601363711834,3.1322694997488005,3.151809261745401,-0.019709529190308217,-0.6597925652252667,-0.62571,16.031061210646254,11.9624
1725252110.846851,4.033199781868222,3.131734901572991,3.1506281658240067,-0.019181753829639714,-0.6668704016974284,-0.62571,15.986302550580032,11.9624
1725252110.946606,3.983881241718188,3.129756173778304,3.1497294032761043,-0.019973229497800116,-0.67286402880668,-0.628617,15.946002169604961,11.8574
1725252111.046641,4.044443820852829,3.1290957573786042,3.14896359268655,-0.01986783530794556,-0.6791586791011995,-0.628617,15.901528009683702,11.8574
1725252111.146911,4.0043897568257405,3.127621694352574,3.148104904504341,-0.020646246320780826,-0.6857076500802289,-0.629983,15.85259591656828,11.7413
1725252111.246955,4.076180591632809,3.126822008819751,3.1472946442963368,-0.02062526911551954,-0.6912790263155145,-0.629983,15.808092181799129,11.7413
1725252111.3465703,4.02706213309865,3.1252025107517163,3.1464677946374944,-0.021265283885778086,-0.695984168429763,-0.629983,15.767821236700852,11.7413
1725252111.4466116,3.9824907619992906,3.1238130652560097,3.1457486755026443,-0.021935610246634596,-0.7007863158367839,-0.628975,15.72316131851377,11.6337
1725252111.5468712,4.049624766543047,3.1228697632487514,3.144930384837608,-0.02219735645192822,-0.7056353507834836,-0.628975,15.673578093414354,11.6337
1725252111.6469328,4.0044453099170925,3.1216462767906896,3.1442359776383255,-0.022711543594359895,-0.7095852185591645,-0.628975,15.628435772848647,11.6337
1725252111.74654,3.9553938770039827,3.1204301244646864,3.1435774459526566,-0.023147321487970274,-0.7126748902607982,-0.625517,15.588208193266379,11.5155
1725252111.8466315,4.028565276531504,3.119219370869691,3.143013069526274,-0.023793698656582762,-0.7156417105881453,-0.625517,15.543057041658969,11.5155
1725252111.946889,3.988078953838259,3.1184256666317642,3.142532572201232,-0.02420155098054222,-0.7183552803508179,-0.621363,15.493443921876935,11.4062
1725252112.0469031,4.052161435288504,3.117260282747199,3.1421183003540345,-0.024921216044471173,-0.7202861704169246,-0.621363,15.448290727820156,11.4062
1725252112.1465797,4.003218932673336,3.1165554641522757,3.141901367476241,-0.025345903323965135,-0.7215818794626546,-0.621363,15.408164267595788,11.4062
1725252112.2466116,3.958485427496006,3.1160173813365906,3.141703733311202,-0.025686351974611554,-0.7225913061957809,-0.617201,15.363390886187192,11.287
1725252112.3467793,4.041540541518023,3.1154056883263994,3.141597359379863,-0.026205848866016623,-0.7230965593852412,-0.617201,15.313308793836077,11.287
1725252112.446869,3.991341299211077,3.1150719969448812,3.141558242839383,-0.02650445885074637,-0.72296995812142,-0.613698,15.267861763807893,11.1776
1725252112.546505,4.055220308522259,3.1147728274570303,3.1414472109503584,-0.02667438349332807,-0.7224452654700955,-0.613698,15.23136192972702,11.1776
1725252112.6468384,4.005930732152941,3.1147657031833007,3.14116147913899,-0.026395775955689427,-0.7211520151557547,-0.613698,15.182089313936835,11.1776
1725252112.7466905,3.961083462119688,3.1149102074396815,3.140772844364235,-0.025862636924553595,-0.7193768554039622,-0.609623,15.137273493281814,11.0478
1725252112.8468792,4.050810374232919,3.1149988464022504,3.140248184527746,-0.025369287750976355,-0.7168218754514464,-0.609623,15.088182757851666,11.0478
1725252112.9465692,4.005987814177413,3.115395278427332,3.139784245325425,-0.02438896689809278,-0.7145573619179221,-0.609623,15.052413233138353,11.0478
1725252113.0468738,3.9564927590505756,3.1160051727627636,3.1388992232654953,-0.022894050502731744,-0.7108486360432268,-0.60602,15.002997633877134,10.9465
1725252113.146883,4.022198888974323,3.116301077266156,3.138084315741777,-0.021959401498128805,-0.7069034318325396,-0.60602,14.958507701918991,10.9465
1725252113.2468848,3.9730466866832512,3.1172208961057426,3.136863329090476,-0.019869797377375154,-0.7018655997401294,-0.60177,14.909409686317773,10.8365
1725252113.3466198,4.038246520916571,3.117823092793656,3.135998491146337,-0.018175398352681338,-0.697748307763276,-0.60177,14.87360578609648,10.8365
1725252113.4466932,3.9882347600743264,3.11912343774616,3.13448088251455,-0.01535744476838996,-0.6913749674698868,-0.597132,14.823728041041775,10.7182
1725252113.5469532,4.070487649766872,3.119681064379808,3.1331851344900947,-0.013717454335361534,-0.685019714282209,-0.597132,14.778861172878432,10.7182
1725252113.6468542,4.021144654357671,3.1212576148927065,3.131946162318234,-0.010917189456288057,-0.677487807817329,-0.597132,14.729547021590948,10.7182
1725252113.746669,3.9756783513009815,3.122852202345273,3.131345665347502,-0.008493463002229085,-0.671633645242092,-0.593096,14.693180233643874,10.6118
1725252113.8466108,4.032508091634463,3.1241542560383153,3.1305455003182128,0,-0.6634129152362243,-0.593096,14.643694968935709,10.6118
1725252113.946572,3.9887054167205416,3.125839771981074,3.13008371840588,-0.004243946424805856,-0.655927005506413,-0.589222,14.6000105217908,10.4984
1725252114.0468175,4.0630848298830005,3.1268406300255447,3.129722073781673,0,-0.647614435575271,-0.589222,14.552233281324341,10.4984
1725252114.1466181,4.019266068215079,3.1285933158053756,3.12961249059614,0,-0.641468325782245,-0.589222,14.517326479614594,10.4984
1725252114.2466223,3.970760111958558,3.1305900762484886,3.129539157966285,0.0010509182822038277,-0.6329097137746723,-0.586072,14.468919770809142,10.3954
1725252114.346492,4.029608999173566,3.1319057488211257,3.12961249059614,0,-0.6251058281594208,-0.586072,14.424819939207108,10.3954
1725252114.4466453,3.9811855356648467,3.1339204573549884,3.1298673981988734,0.00405305915611498,-0.6166161370235346,-0.582937,14.376468364783564,10.2825
1725252114.5466535,4.0579710221021745,3.134846762647298,3.1299035899156014,0,-0.6103114223402952,-0.582937,14.340378689318165,10.2825
1725252114.6465833,4.013022999313055,3.136721112299207,3.129903588837822,0,-0.6024865299163827,-0.582937,14.295475381047783,10.2825
1725252114.7465427,3.963390513728826,3.1388448739596067,3.1298311468611364,0.009013727098470259,-0.5938275100156631,-0.580303,14.24587555135862,10.1786
1725252114.8468757,4.030537838669094,3.139827253156645,3.1299397236423196,0,-0.585850908310225,-0.580303,14.200124453181783,10.1786
1725252114.946593,3.981315254911071,3.1419511976543855,3.1301553727033657,0.011795824951019718,-0.5788755230766653,-0.577735,14.159914999004378,10.0667
1725252115.0466661,4.048480778900499,3.1432074060394384,3.1304109708428887,0.012796435196549716,-0.5711977085858452,-0.577735,14.115175500845691,10.0667
1725252115.1465845,3.99913003148061,3.145330951997416,3.130481602448867,0.014849349548549107,-0.5627850933920083,-0.57575,14.065802087842036,9.96347
1725252115.2468503,4.066580232714495,3.1462700347596315,3.130900708916762,0.015508131560435956,-0.5552658363754629,-0.57575,14.021249673146563,9.96347
1725252115.3469243,4.017730826596592,3.148331405163716,3.1317480093080343,0.016817118475334958,-0.547214877862168,-0.57575,13.972017466425216,9.96347
1725252115.4467552,3.9732827726085915,3.150168269194773,3.132560381807859,0.0176078873869141,-0.5416770718830437,-0.573697,13.936606673546198,9.83972
1725252115.5466247,4.047530824780905,3.151312185055076,3.1337875281219816,0.017524656933094462,-0.5343575161941954,-0.573697,13.887059642600493,9.83972
1725252115.6468062,4.011543097314136,3.152640275647897,3.134699695694106,0.018080185619432143,-0.5281922878625754,-0.573697,13.842153741709184,9.83972
1725252115.7468688,3.962284169863335,3.1543955949885705,3.1357662193781386,0.018835522954474992,-0.5218650033464282,-0.571963,13.792737396151724,9.7242
1725252115.8466086,4.032852100856895,3.1550764785993417,3.136459528400768,0.01861695019857379,-0.5175863757520035,-0.571963,13.756685492859368,9.7242
1725252115.9465718,3.9831508355777974,3.156620073627349,3.1372864649262735,0.019333608701075367,-0.5121087721272539,-0.57051,13.706901099802728,9.6198
1725252116.0468822,4.051324357413639,3.1569141729561676,3.1380408588672206,0.019034688382479015,-0.5075492850607577,-0.57051,13.661416713256544,9.6198
1725252116.1468875,4.001198714706035,3.1582560178301744,3.138899222231104,0.01951541416638669,-0.5030779121822097,-0.57051,13.611398992642727,9.6198
1725252116.2465856,3.9562930145646265,3.1593496251424877,3.139457504825041,0.019892120317446693,-0.5002619092767591,-0.569235,13.575469301501656,9.50843
1725252116.3465822,4.018117568956588,3.1595972225077738,3.1400838764330903,0.01951334607468347,-0.49689443383092174,-0.569235,13.525896321009293,9.50843
1725252116.4469302,3.9821797947755337,3.1602749222491826,3.140591224206953,0.019759228447314925,-0.49437654462159897,-0.568526,13.480850640592426,9.40766
1725252116.5468214,4.037372619737573,3.1603798636204417,3.1409949750973007,0.01947831169575487,-0.4921298432805594,-0.568526,13.430750001978469,9.40766
1725252116.6465497,3.98716582936445,3.1610716963615784,3.1412281964073188,0.019843499954259602,-0.4908647376980356,-0.568118,13.394069421922085,9.29994
1725252116.7465892,4.049246222137891,3.160964893074356,3.141418393878126,0.019546499196230194,-0.48967993875474647,-0.568118,13.348426437922951,9.29994
1725252116.8468297,4.008396370568245,3.16132847821764,3.1415566241096746,0.01978492057370973,-0.48891648019870654,-0.568118,13.298148769182733,9.29994
1725252116.9467893,3.9628323071801144,3.161629143852572,3.14159278238672,0.020037451342079127,-0.48871752834592563,-0.567925,13.25283438155763,9.18394
1725252117.0466106,4.02885963266401,3.1612020566140266,3.1416292633152594,0.019572793298767266,-0.48892653082510074,-0.567925,13.212025051432951,9.18394
1725252117.146637,3.983346561289276,3.1612527881708172,3.1417594261306343,0.019493362040182927,-0.48961691536813434,-0.567824,13.166516762752526,9.06858
1725252117.2468593,4.058006472411521,3.1606096538280974,3.1420107349430046,0.01865825983117997,-0.4909427332105235,-0.567824,13.11678095567456,9.06858
1725252117.3469772,4.013028424969542,3.1604340766019727,3.142224378400967,0.018259176837098323,-0.49257137735694373,-0.567824,13.071893092989153,9.06858
1725252117.4465618,3.9631573924787755,3.1601270949543343,3.1425325722013184,0.017594522753015873,-0.49437329722430573,-0.567635,13.031056689120193,8.96046
1725252117.5466034,4.025970646491911,3.159184364428343,3.1429383760005747,0.016245988427768143,-0.49681494143471633,-0.567635,12.985807707430912,8.96046
1725252117.6469703,3.9848611132327125,3.1587102258913737,3.143544987364325,0.015281775031389166,-0.5000615694476843,-0.56737,12.935616855535493,8.84367
1725252117.7467475,4.056125396456787,3.1575170495433498,3.144181443496796,0.013470063315303982,-0.503502582661638,-0.56737,12.890300022851763,8.84367
1725252117.8466594,4.006158490804616,3.1566649227089068,3.1446431917787496,0.012021730930157126,-0.5069903872593047,-0.56737,12.84937345330395,8.84367
1725252117.9465826,3.960513353791426,3.155787727562442,3.14508321260771,0.010704514954731792,-0.5111521080030299,-0.567113,12.803784338523526,8.73673
1725252118.0468917,4.026641209135516,3.1545026674734027,3.1456802323002258,0,-0.5160489108886487,-0.567113,12.754006000680695,8.73673
1725252118.1469285,3.9813826054752,3.153468994055005,3.1460744752449505,0.0075058496458151325,-0.5208057675796386,-0.567256,12.7086749315155,8.62185
1725252118.2469018,4.04653844718887,3.1519832781924233,3.1463473773090342,0,-0.5261917743650893,-0.567256,12.659280242324446,8.62185
1725252118.3465767,4.001654875901839,3.150846181760877,3.1466283394014174,0,-0.5302271023305722,-0.567256,12.623333550705457,8.62185
1725252118.446954,3.9657506905409585,3.149888655000672,3.1469173616481667,0.002995686477595072,-0.5359174319951637,-0.567987,12.5741063666618,8.50691
1725252118.5469432,4.031293532794131,3.14848873601352,3.147194009761783,0,-0.5412741265436378,-0.567987,12.529030036287887,8.50691
1725252118.6470165,3.986601013023347,3.147213994049612,3.1475243427460895,-0.0002077024105648917,-0.5472108360364935,-0.568782,12.480165633997586,8.40018
1725252118.7466667,4.044257102798196,3.1458272609226845,3.147679995049163,0,-0.5516562103994878,-0.568782,12.4444008422469,8.40018
1725252118.8465526,3.9995439359342244,3.1444600857288267,3.1479438876088235,-0.0034838018799967507,-0.5573135948924975,-0.56954,12.399707493486265,8.28392
1725252118.9468563,4.0755160013578005,3.14331785554647,3.148186170615229,0,-0.5637418403975764,-0.56954,12.349969938928226,8.28392
1725252119.046868,4.030117619497163,3.141864773565992,3.148350211651329,0,-0.5696122203409935,-0.56954,12.305170434529172,8.28392
1725252119.1466384,3.972002667472578,3.1399243260955076,3.148516261115833,-0.008591935020325181,-0.5761665981835326,-0.570096,12.255917139803325,8.17572
1725252119.2466815,4.044294563273775,3.1389006840984757,3.1486561799460406,0,-0.5809831044289608,-0.570096,12.21999990938844,8.17572
1725252119.346796,4.003677243271525,3.1374959864423677,3.148825923628291,-0.01130150874838387,-0.5877247533273111,-0.570919,12.170370721488537,8.05839
1725252119.4469545,4.07613571447566,3.1362621211058483,3.148792227662616,-0.012592288782624195,-0.5939034681782678,-0.570919,12.125265924286309,8.05839
1725252119.546973,4.026475185848133,3.1345130186354346,3.1487073022056395,-0.014250844339258606,-0.6006364404931986,-0.570919,12.07583612992753,8.05839
1725252119.6467016,3.981808594554264,3.132926251440462,3.1483451150150232,-0.015418863574561126,-0.605426522601594,-0.572089,12.040049065584357,7.94332
1725252119.7465732,4.047581479810705,3.131778971419303,3.1478327615278796,-0.01605379010857666,-0.6118100406168295,-0.572089,11.990706573412396,7.94332
1725252119.8469918,4.011860853481048,3.1305910729421025,3.147064888790973,-0.016623365310138194,-0.6172933730943083,-0.572089,11.945991642440854,7.94332
1725252119.9469347,3.9625100336205272,3.1290064076554787,3.146393646785538,-0.01750388384907975,-0.6229537630599385,-0.573576,11.896627722204487,7.83692
1725252120.046572,4.023834385709465,3.128347466085584,3.145941047727098,-0.01759358164151381,-0.6268708825948279,-0.573576,11.860401430192896,7.83692
1725252120.1465592,3.974745974664279,3.1269131467964586,3.1454274810645066,-0.01851433426804805,-0.6319212150360144,-0.575531,11.811237727483837,7.72193
1725252120.2470398,4.0540091032220635,3.1268290646590673,3.1449461561345835,-0.01823439805354976,-0.6362192437374242,-0.575531,11.766526414114137,7.72193
1725252120.3468993,4.004996015887525,3.1255344106543013,3.1445185067983075,-0.01903528057464854,-0.640616946863975,-0.577411,11.717487262334068,7.61601
1725252120.4465513,4.066627066814957,3.125326813825865,3.144100090339321,-0.018773276513455617,-0.6435551874473292,-0.577411,11.682099109576788,7.61601
1725252120.54659,4.017152070506783,3.1241914909781254,3.1435625587600375,-0.01937106778191211,-0.64731058868546,-0.577411,11.63255388810561,7.61601
1725252120.6468906,3.981245929020013,3.12341560627232,3.143249250103725,-0.019888590703920794,-0.6503725981607276,-0.579247,11.587475324324188,7.50135
1725252120.7468672,4.050819367176754,3.1234807217474008,3.142865698645918,-0.019507224102795817,-0.6533982839320724,-0.579247,11.538012908256723,7.50135
1725252120.84641,4.0011359091991325,3.1225655321458117,3.1426380119242916,-0.020072479778479924,-0.655372505360941,-0.579247,11.501761662731264,7.50135
1725252120.9465437,3.9561194709285754,3.1218122604986176,3.14229348892893,-0.020481228430312193,-0.65749549538178,-0.58033,11.45669555269583,7.38554
1725252121.046938,4.031673425278278,3.122069560338188,3.141997156443927,-0.019983257089512207,-0.6593520570765422,-0.58033,11.406910357833898,7.38554
1725252121.146617,3.986279909284331,3.1215182299012287,3.1418203700069673,-0.02030214010573861,-0.6603468973527995,-0.580115,11.371016735762225,7.27722
1725252121.2466264,4.045516840890009,3.121526711561165,3.1416654243759337,-0.020138712814768756,-0.661286658962329,-0.580115,11.321922420661622,7.27722
1725252121.346653,4.001280880752324,3.1212054907499693,3.1416007129935606,-0.02039522224359125,-0.6616841140941545,-0.580115,11.277669370545762,7.27722
1725252121.4468677,3.9608776539892765,3.120989064607963,3.1415845149440513,-0.020600172456170185,-0.6616842217018484,-0.57853,11.22837952290804,7.16037
1725252121.5466466,4.032954465831535,3.1210487311054766,3.1415306391581828,-0.02048190805270611,-0.6613768760165369,-0.57853,11.192473436000226,7.16037
1725252121.6466105,3.9833336706676907,3.1210116616082337,3.1413851903593484,-0.020373528751114645,-0.6605051709139073,-0.575767,11.142860075722547,7.05234
1725252121.7467203,4.0464817073247845,3.1209643758903556,3.1411614795529648,-0.020197103662609184,-0.6592330285785071,-0.575767,11.09796079658826,7.05234
1725252121.8468876,4.006008668201518,3.121131372945741,3.1408568465457245,-0.019787669444430556,-0.6573562826039959,-0.575767,11.048706758571088,7.05234
1725252121.9466174,3.9615702089156435,3.1214222252057344,3.1405591900998577,-0.01913696489412331,-0.6556681500172193,-0.571595,11.013104361382013,6.93753
1725252122.0466151,4.027314406565857,3.1213932701116267,3.140186110386249,-0.018792840274622247,-0.6529387362433611,-0.571595,10.964022831970134,6.93753
1725252122.1466713,3.9819132272209288,3.1219043677935265,3.1396685667452666,-0.017764198951740084,-0.6499869809088138,-0.565777,10.918671500430019,6.82294
1725252122.2469325,4.056507866102833,3.1215651036934786,3.1391036535717984,-0.017637744405156752,-0.6463145135810211,-0.565777,10.86978442285008,6.82294
1725252122.3470805,4.011533864549917,3.1222634272155645,3.1386538845004712,-0.016390457284906734,-0.643312017872771,-0.565777,10.833724495262025,6.82294
1725252122.44698,3.96270466654639,3.1231555251503527,3.1379441664377037,-0.014788641287351023,-0.6388337557379821,-0.558241,10.784971169073456,6.71661
1725252122.5465598,4.023994241027146,3.122695305404445,3.137268548450873,-0.01457324304642782,-0.6342792944103488,-0.558241,10.739885758583148,6.71661
1725252122.646876,3.9879679486756543,3.1235061937629354,3.1364879118678344,-0.013218033704491372,-0.628860360790988,-0.547645,10.69062808948927,6.60255
1725252122.746592,4.052950036015496,3.1225923366366035,3.1359734315738135,-0.013381094937209959,-0.6246477019341153,-0.547645,10.65476847613537,6.60255
1725252122.8469763,4.008412052370194,3.123757508199136,3.135249083370391,-0.011491575171254986,-0.6191318216964546,-0.547645,10.610324546542055,6.60255
1725252122.946528,3.95950883249157,3.125164958681548,3.1344526378976556,-0.009287679216107403,-0.6126876774924389,-0.536214,10.561524569845501,6.4979
1725252123.0468493,4.028814587525327,3.1238352122931574,3.1334835438688504,0,-0.6064788828771175,-0.536214,10.517226680932994,6.4979
1725252123.14702,3.980001536444712,3.1254196316019414,3.1329009854633636,-0.007450134183089485,-0.5991543746940556,-0.523285,10.4678811295048,6.38382
1725252123.2465656,4.0492349727861985,3.1241752287236233,3.132681273325976,0,-0.5938086800218814,-0.523285,10.432440786810123,6.38382
1725252123.346523,4.000197713467118,3.125832388203828,3.1323947592639794,0,-0.586326567711505,-0.523285,10.383520927265442,6.38382
1725252123.4468715,3.964435603124257,3.127081219460613,3.1322982461646123,-0.005281425933360229,-0.5794542670349072,-0.510644,10.339065225957954,6.2683
1725252123.5469787,4.0307268642258185,3.1260815096509478,3.1322982480871002,0,-0.5717703142133894,-0.510644,10.289573178692024,6.2683
1725252123.6465492,3.985914644864595,3.127645805301734,3.1323626434781473,-0.004716838176413329,-0.5662331446503541,-0.499265,10.253826991897444,6.16097
1725252123.7466052,4.043984755203026,3.126904191664687,3.1325226559160715,0,-0.5586627801945215,-0.499265,10.204518516343342,6.16097
1725252123.8468952,4.008216317027397,3.128128077967222,3.1327128252873933,0,-0.5518710913567364,-0.499265,10.159849391364647,6.16097
1725252123.9469392,3.9588685812589737,3.1298460515350395,3.1326812735612903,-0.002835219673106515,-0.5444147203302884,-0.487719,10.110657537484347,6.04654
1725252124.0465808,4.028874814494447,3.1288546644375237,3.132775772345457,0,-0.5390373758677339,-0.487719,10.075087963617408,6.04654
1725252124.1465864,3.979785160255146,3.1305466518894707,3.1330253098721768,-0.0024786579827060784,-0.5316788196810066,-0.477716,10.026082367664992,5.94175
1725252124.24693,4.048827593396149,3.1295684410997953,3.1333378328532944,0,-0.5250751985915774,-0.477716,9.9812387295316,5.94175
1725252124.3469157,3.999713919580653,3.131208216207507,3.1334891264596343,-0.0022507611712017095,-0.5179492270605824,-0.467121,9.932265716068589,5.82723
1725252124.446874,4.069623965359784,3.1303719748021384,3.133489130050184,0,-0.5114938643964263,-0.467121,9.887680611074886,5.82723
1725252124.5465536,4.020378295918735,3.1320064920334922,3.1334891264596343,0,-0.5056604055959367,-0.467121,9.847423572019977,5.82723
1725252124.6469166,3.984730246676196,3.133213168214155,3.1334589845731364,-0.00024581635898135445,-0.4991990894978318,-0.456661,9.802772410134926,5.71235
1725252124.746963,4.054927018089869,3.132376446386878,3.133458980975923,0,-0.4921117725054377,-0.456661,9.753860712689555,5.71235
1725252124.8469057,4.005682590118739,3.134041918516036,3.1333017576971107,0,-0.4855933136597289,-0.456661,9.70893766023283,5.71235
1725252124.9465718,3.9607371734334773,3.135617126603505,3.133301759512995,0.0023153670905098345,-0.48032835101681537,-0.447065,9.673016460775719,5.60619
1725252125.0465498,4.018134194700125,3.13507860113729,3.1334835470125135,0,-0.47323915179711856,-0.447065,9.62423894449982,5.60619
1725252125.1469834,3.9826945605613306,3.1363002414675156,3.133543696368737,0.0027565475589677035,-0.4668760758756502,-0.437056,9.580042152913865,5.49248
1725252125.2468774,4.0472409822515125,3.135663598489449,3.1335736867415784,0,-0.45968255937551,-0.437056,9.530141740612901,5.49248
1725252125.346621,4.002356703545342,3.137212263283405,3.13348354746226,0,-0.454587828440533,-0.437056,9.494798305358266,5.49248
1725252125.4466155,3.953418230911849,3.1389468718824207,3.13348354746226,0.005463324420160731,-0.44751586943346866,-0.427746,9.445884393638172,5.38614
1725252125.5470579,4.024099195673711,3.137956697723807,3.133603618981029,0,-0.4410775443290948,-0.427746,9.401162974846791,5.38614
1725252125.6470735,3.9749619977143245,3.1396854494065543,3.1335136482994823,0.006111762664975817,-0.4340223546329627,-0.417772,9.352045844908393,5.26977
1725252125.7465656,4.046358582594283,3.1388587879523704,3.133453392301045,0,-0.4288341869057963,-0.417772,9.316113461318537,5.26977
1725252125.8465643,3.996976637488304,3.1406181272979796,3.1334231762908553,0.007194951007124306,-0.4216671582044573,-0.408165,9.266744739521114,5.1551
1725252125.9469328,4.075853405951679,3.1395505601951887,3.133543695027082,0,-0.4152024706782209,-0.408165,9.222027124233515,5.1551
1725252126.0469446,4.026453363739104,3.141287267955466,3.133668839749463,0,-0.40811061654049324,-0.408165,9.172568219209765,5.1551
1725252126.1465364,3.9816608010867633,3.1428879302874893,3.1337282992856053,0.009159631001883994,-0.4030076489883386,-0.399396,9.136757460988003,5.05032
1725252126.2466037,4.0374360193901175,3.1424116127299158,3.1339930890281043,0,-0.39608950523886777,-0.399396,9.087754665447989,5.05032
1725252126.3469234,4.00128758294873,3.1436756581937013,3.1342533498220537,0,-0.3898126700114774,-0.399396,9.042542061778175,5.05032
1725252126.4469166,3.952014766756973,3.145411081328563,3.1344526378996815,0.010958440058284502,-0.38309409295122565,-0.38984,8.993377770436538,4.93916
1725252126.5465448,4.0183217380487175,3.144478347225002,3.1345933151950507,0,-0.3782443706295472,-0.38984,8.957465007320172,4.93916
1725252126.6466608,3.969429850088397,3.1461695973387194,3.1346212752194167,0.011548322119302679,-0.3716722062920682,-0.380892,8.908548273530895,4.83899
1725252126.7469428,4.033588606704845,3.1450767826611874,3.1345881263454745,0.01051669263103916,-0.36564614880427104,-0.380892,8.86369021434883,4.83899
1725252126.8468747,3.9890950861054955,3.1466117085583805,3.134782788019024,0.011939823810286576,-0.35905358143623833,-0.370794,8.81437516257132,4.72928
1725252126.9469519,4.049460790301043,3.145648266508508,3.1350561359095965,0.010619217580699392,-0.3532018622581255,-0.370794,8.769706863747322,4.72928
1725252127.0466251,4.004675311671466,3.1471323233041257,3.1353503507326383,0.011781972571487387,-0.34860953492652735,-0.370794,8.733893864209676,4.72928
1725252127.1469724,3.964671483064095,3.148448664779848,3.135842600320094,0.012708018109850006,-0.3425198345188816,-0.360251,8.68491479215927,4.61908
1725252127.2471309,4.029585210404284,3.147072964281038,3.136314654512316,0.010929873883973595,-0.337093829635501,-0.360251,8.639458785719256,4.61908
1725252127.3469486,3.97946573731714,3.1485818861871175,3.1368820610328574,0.011815378090791029,-0.33142501603849545,-0.350341,8.589295655689726,4.51912
1725252127.446691,4.034339320101787,3.1472352628603506,3.137352098631976,0,-0.32757692035000546,-0.350341,8.553395095527948,4.51912
1725252127.5469372,3.9934349137824405,3.1483334128695954,3.1378180464247616,0.010577309022867798,-0.3225433198879631,-0.339806,8.503563746147941,4.41371
1725252127.6469562,4.053838388139482,3.1467163042476543,3.138040860353937,0,-0.3181649566692874,-0.339806,8.458394221131908,4.41371
1725252127.7470522,4.003672798063561,3.147962594296651,3.1382568983810213,0.00970569706790414,-0.3135102940428005,-0.329018,8.408725628385607,4.30467
1725252127.8469272,4.067669353198883,3.1462250357923183,3.1383754024196837,0,-0.31017506827428754,-0.329018,8.372295709290052,4.30467
1725252127.9465487,4.017806334528871,3.1473901068944117,3.138562458032698,0,-0.3057250858700247,-0.329018,8.322408814548757,4.30467
1725252128.0469868,3.9817901407093323,3.1482299080993315,3.138743915419249,0.009521837907556563,-0.30182111262266903,-0.317902,8.27739531262361,4.19099
1725252128.1466877,4.037408044184812,3.1466049889814873,3.1388676033814016,0,-0.2976652415060571,-0.317902,8.228347327368224,4.19099
1725252128.2466571,4.001507434333468,3.1473928209719895,3.138937051722315,0,-0.2946927172344958,-0.317902,8.192430125282337,4.19099
1725252128.3466823,3.9524713375883946,3.1484724874461922,3.139123411934914,0.009349075511278393,-0.2907098683865745,-0.306797,8.143367798545594,4.07811
1725252128.446898,4.020196658650872,3.1464778389049206,3.139205876729851,0,-0.2871576724349928,-0.306797,8.09825868767816,4.07811
1725252128.5469298,3.979657710290072,3.14731644945337,3.139251688791067,0.00804560176658553,-0.2833187490765008,-0.295522,8.048640964300624,3.96478
1725252128.647033,4.0476884359338925,3.145288634134709,3.1393478551442855,0,-0.28056185634890063,-0.295522,8.01244078970248,3.96478
1725252128.7466025,3.9982254321749195,3.146272931961603,3.139331967145865,0.006940964815738138,-0.27680926030145664,-0.284959,7.96296164167954,3.85798
1725252128.8466477,4.059679759940383,3.144443387546832,3.139331968220533,0,-0.2733859487287376,-0.284959,7.917643264084088,3.85798
1725252128.9466221,4.023750882404516,3.1451430565825653,3.139363689836431,0,-0.2706730928381562,-0.284959,7.881705522014106,3.85798
1725252129.0465686,3.974087273977606,3.1461294223250507,3.139395185528794,0.006734236796256621,-0.26692954695222826,-0.273964,7.832026376178008,3.74549
1725252129.1465688,4.041625011787651,3.144163873628715,3.139426457192717,0,-0.2635721042303274,-0.273964,7.787101651854968,3.74549
1725252129.2466822,3.992149247079555,3.1451091062831695,3.139503658037395,0.005605448245774358,-0.25992582495915595,-0.263968,7.737614564764905,3.63776
1725252129.3466403,4.063914443341735,3.143228863911732,3.1395644081675678,0,-0.2573185842072798,-0.263968,7.701669003419145,3.63776
1725252129.4466,4.014030427446753,3.1441372326238963,3.139609385120952,0,-0.25375399335448906,-0.263968,7.651777432266159,3.63776
1725252129.5467248,3.968971685641677,3.144974498800533,3.1396093862316765,0.005365112568856301,-0.2505455776984831,-0.254065,7.606708989342757,3.5263
1725252129.646606,4.030719241161328,3.1433376475982233,3.1396685669663333,0,-0.24703142264405603,-0.254065,7.557013104384599,3.5263
1725252129.7469199,3.9946911810665005,3.1439743206912487,3.139801079831441,0.004201692048902306,-0.24394044459536549,-0.244973,7.511990563273261,3.42262
1725252129.8467028,4.048985219656316,3.1425200736527543,3.13981522097897,0,-0.2412178904109573,-0.244973,7.471603478374206,3.42262
1725252129.9467263,4.003840628041152,3.1432821918900937,3.1398573108265393,0,-0.23820836112894628,-0.244973,7.426454913481562,3.42262
1725252130.0467157,3.953938154035336,3.1441388289779764,3.1398988948334523,0.00423993414452406,-0.23490559086365595,-0.23571,7.376545337333729,3.31889
1725252130.14668,4.0216946104968,3.1423820074779583,3.139871225420541,0,-0.23253546005185582,-0.23571,7.340583357579009,3.31889
1725252130.2466621,3.9721860188915343,3.143218064717423,3.1398850889661247,0.003332975751298317,-0.22925356748681816,-0.226428,7.2910707717117536,3.21601
1725252130.3470056,4.03057073093246,3.1416179211819903,3.1398988956546376,0,-0.2263261571824589,-0.226428,7.246580729645799,3.21601
1725252130.446692,3.9809145144298337,3.1424427953666867,3.1398547251846836,0.0025880701820031327,-0.22304365866870865,-0.216923,7.19692307584477,3.10718
1725252130.5469065,4.053518358208039,3.140671589379248,3.139910098418619,0,-0.22005851207697277,-0.216923,7.151573719914297,3.10718
1725252130.646593,4.00446323187481,3.1414585669367043,3.1399374511266123,0,-0.21745994507057065,-0.216923,7.111643195876226,3.10718
1725252130.7466903,3.959378046003002,3.1422028944222067,3.1399101001578593,0.0022927942643473642,-0.2145068259953283,-0.20827,7.066557308778961,3.00419
1725252130.8466804,4.012919799580149,3.1408471402775904,3.1398825245017257,0,-0.21126168485426447,-0.20827,7.0171086844096555,3.00419
1725252130.9469306,3.976427208063855,3.1414425081515915,3.139923803549032,0.0015324088121979607,-0.20827454802080225,-0.199673,6.971560275837763,2.90045
1725252131.0466871,4.035018537736382,3.140041371084662,3.139978056945888,0,-0.2059324511549321,-0.199673,6.935463682646874,2.90045
1725252131.1469903,3.985492898725912,3.1408090883391715,3.140070846042373,0.0007382422967983082,-0.2027958934224779,-0.190021,6.885941675230466,2.78266
1725252131.2469285,4.0673244255429095,3.1390001064194686,3.1400838760466034,0,-0.2000104854006047,-0.190021,6.841044253316061,2.78266
1725252131.347005,4.017858499221091,3.1397347731520786,3.1400838758528384,0,-0.19692223786704244,-0.190021,6.791452821822252,2.78266
1725252131.4466894,3.9727581461290327,3.140416399327064,3.1400968511990333,0.0003195481280307,-0.19469397262660906,-0.181082,6.75541539782673,2.67305
1725252131.5466802,4.032440986990117,3.138972219827168,3.140188436268549,0,-0.1916487324150447,-0.181082,6.705477142271005,2.67305
1725252131.6469054,3.996591047834578,3.1394784900331945,3.1402009521231014,-0.0007349241527978556,-0.18899263305142192,-0.172693,6.660571888150065,2.57103
1725252131.7469406,4.048960517378861,3.138165945231153,3.1402009521231014,0,-0.18602909977391469,-0.172693,6.610972848946028,2.57103
1725252131.8466535,4.003717752938472,3.1388012384985036,3.1402009536118762,0,-0.183869023642877,-0.172693,6.5747321544678154,2.57103
1725252131.9466667,3.9542416346513334,3.1395035858044418,3.1402504612392708,-0.0007468754348289863,-0.18095367280589958,-0.1644,6.525263006095473,2.46894
1725252132.0470514,4.020501280165785,3.1379900539151513,3.140287001888133,0,-0.1783623601279541,-0.1644,6.480353958231135,2.46894
1725252132.1469693,3.9708207743245674,3.138665432571864,3.1402990695846715,-0.0016456501214574537,-0.17551159130568897,-0.154834,6.4308146647819315,2.35133
1725252132.2469587,4.043546581596539,3.136989011033325,3.1403110812646533,0,-0.1729219491741224,-0.154834,6.385640077577419,2.35133
1725252132.3466377,3.9933864367671332,3.1376469526042476,3.1403208261462026,-0.0026738735419549187,-0.17059066791438063,-0.145822,6.344685351176744,2.2404
1725252132.447025,4.068365806771215,3.1360019096904277,3.1403914514773916,0,-0.16807632150811885,-0.145822,6.299838291192128,2.2404
1725252132.547069,4.018476471138613,3.136623025099202,3.1403208268578164,0,-0.16527466064106575,-0.145822,6.249699017750958,2.2404
1725252132.6469922,3.9726963737082412,3.1372332051537226,3.1401986375551703,-0.002965432401447643,-0.16259629777358864,-0.137592,6.203932347148775,2.13744
1725252132.7466886,4.0259524703472795,3.135993063990703,3.140096852356634,0,-0.16013556376853402,-0.137592,6.163329352829754,2.13744
1725252132.8470335,3.9901012067289297,3.1364942409138505,3.140109770716047,-0.0036283936785119764,-0.1573870152340848,-0.128805,6.118562400408497,2.02661
1725252132.9470694,4.056064062838783,3.1350820939269934,3.140223524190266,0,-0.15441301507481875,-0.128805,6.0691631049054875,2.02661
1725252133.0469682,4.007106137601433,3.1357179131438446,3.140308860104613,-0.004566845023952659,-0.15182827291794665,-0.120282,6.024651852617601,1.91803
1725252133.1469622,4.07101023535115,3.134335864394902,3.1404374150457586,0,-0.14908248429715942,-0.120282,5.975372058157284,1.91803
1725252133.246651,4.021244505636759,3.1349103701135115,3.140515692329371,0,-0.14715289573577137,-0.120282,5.939184725831398,1.91803
1725252133.3470047,3.985505424463069,3.1353107332357597,3.140643495886126,-0.0052910592564239245,-0.14486428117639844,-0.112328,5.894325585879858,1.81585
1725252133.4470387,4.03768484078665,3.134027976000278,3.140706220906347,0,-0.1424411666912535,-0.112328,5.844419598827284,1.81585
1725252133.5470436,3.9922071873883396,3.134479286831044,3.140765016022511,-0.006276069406869311,-0.14030804648644907,-0.104024,5.798889556864938,1.70858
1725252133.646765,4.049421996183114,3.133084654357564,3.14084027471966,0,-0.13847606358951625,-0.104024,5.757855436233755,1.70858
1725252133.7466493,4.004463846329089,3.1334612665855057,3.1409378973277513,0,-0.13658548645179022,-0.104024,5.712911460575761,1.70858
1725252133.846964,3.963740521305233,3.1337849166576106,3.1410127272964825,-0.0072115750928847255,-0.13462296020450049,-0.0958879,5.663196440966099,1.60069
1725252133.9469304,4.026599897109875,3.1323157397333485,3.14102874062081,0,-0.13289167312940242,-0.0958879,5.617914544158951,1.60069
1725252134.0465841,3.97739685975606,3.132672559178129,3.1409964907760313,-0.008323931597902234,-0.13136618500745104,-0.0878815,5.577928623880933,1.49214
1725252134.1467123,4.040181438645103,3.1312723372577533,3.140994975220151,0,-0.12957671032442147,-0.0878815,5.532106282855392,1.49214
1725252134.2468681,4.000050474921673,3.131558940236358,3.141019277722329,-0.00945229208926257,-0.12767332010701024,-0.0801627,5.483051954218448,1.38376
1725252134.346949,4.063804483041692,3.13023226669625,3.141066368782734,-0.010818628393129082,-0.12599592059142656,-0.0801627,5.43829838334112,1.38376
1725252134.4466813,4.014265186372707,3.130540931016686,3.1410508962505554,-0.0105099652338696,-0.12452634206170361,-0.0801627,5.397780036545274,1.38376
1725252134.5467532,3.968835124890504,3.1308561923594906,3.1409533506272473,-0.0100971582677567,-0.12277312580818217,-0.0733697,5.352366380100837,1.28362
1725252134.6470573,4.02812213858274,3.1297534898673973,3.140820072221154,-0.011094246880130942,-0.12064189698112947,-0.0733697,5.301995232144772,1.28362
1725252134.747086,3.9821709550888302,3.130141666315935,3.140674186199587,-0.01057265565348331,-0.11853772069037087,-0.0667736,5.256530182390254,1.18034
1725252134.8466187,4.036002574398814,3.129270235848398,3.140526651427297,-0.011256415578898782,-0.11650565113594864,-0.0667736,5.216036160966985,1.18034
1725252134.9466515,3.9907271605384165,3.1297418809281594,3.1403445947597755,-0.01060271383161604,-0.11406569335933998,-0.0606188,5.1707869333352505,1.07916
1725252135.0470088,4.055841095188482,3.128935462267801,3.14008387585286,-0.011238063730986347,-0.11113242346610759,-0.0606188,5.121252521634404,1.07916
1725252135.1470637,4.006150850093544,3.1295587166344063,3.1398686526448443,-0.010365087322212307,-0.10822692879862078,-0.0543367,5.075898025528007,0.977397
1725252135.2466502,4.0627263397732465,3.1289368424493493,3.1396418311992202,-0.010704988749870914,-0.10575242470686498,-0.0543367,5.039797981579759,0.977397
1725252135.3466966,4.013462725114784,3.1296850855448097,3.1393189841991376,0,-0.10212615113083938,-0.0543367,4.99057519368221,0.977397
1725252135.4469774,3.9779650278738536,3.1302763468169656,3.139123409952525,-0.008863671656087924,-0.0986338168213363,-0.0478668,4.94605951276137,0.876042
1725252135.547014,4.029948710651816,3.129798209195927,3.1390056019977415,0,-0.09466615408226484,-0.0478668,4.896730085245888,0.876042
1725252135.6470566,3.9850086437256964,3.1305830813288598,3.1390056019977415,-0.008422520668881717,-0.0917391543113496,-0.040174,4.860809133358698,0.762274
1725252135.7467256,4.04889351352223,3.1298590001024618,3.1390056019975905,0,-0.08768122335573895,-0.040174,4.8108887936759075,0.762274
1725252135.8470936,4.012543952948445,3.1304866337460484,3.1390225995666774,0,-0.0840041794407009,-0.040174,4.765523833736937,0.762274
1725252135.9468706,3.9629021963485926,3.131368001629291,3.138916566175309,-0.007548564546017822,-0.08069258970997956,-0.0323958,4.724969050305084,0.65264
1725252136.0466852,4.02734891751041,3.1305297490665587,3.138933854119675,0,-0.07694906774670375,-0.0323958,4.679742470723257,0.65264
1725252136.1467109,3.9777855314710284,3.1314066146083075,3.1390364076900905,-0.007629793081783021,-0.072912977829141,-0.0251172,4.6302191749104145,0.548418
1725252136.2470737,4.046060300524559,3.130494918417913,3.1391864576534583,0,-0.06930898215466916,-0.0251172,4.585247118216994,0.548418
1725252136.3470278,3.9968151980967592,3.1313180972945474,3.1393160243456704,-0.008013871874863465,-0.06550280536101837,-0.0184037,4.536104303482745,0.446614
1725252136.4466588,4.053071444118024,3.1306664873104633,3.139331968220739,0,-0.06268735142292466,-0.0184037,4.499443516441769,0.446614
1725252136.5465906,4.003881183277025,3.1314443627692516,3.139549305323686,0,-0.05903555321950258,-0.0184037,4.45028900957605,0.446614
1725252136.6466455,3.9589172020357606,3.132143243840689,3.139579456798902,-0.007436212958213062,-0.05581257408423526,-0.0119877,4.405354454830855,0.339137
1725252136.7471244,4.026311968011688,3.131410080355528,3.139741286400093,0,-0.0523488376357655,-0.0119877,4.355987098550968,0.339137
1725252136.846623,3.981271694775405,3.13206370930332,3.1398126051358624,-0.007748895832542235,-0.049924442048456405,-0.0065717,4.320227944857022,0.238583
1725252136.9467323,4.032202734981568,3.1316725097927836,3.139854725600741,0,-0.046571074890746994,-0.0065717,4.270587333579168,0.238583
1725252137.0469613,3.986885058117964,3.1323266863268864,3.1397583211584856,-0.007431634831599254,-0.043513517798179455,-0.00221429,4.22529690605622,0.133205
1725252137.1470807,4.056259824918066,3.132035143723913,3.1395217537793907,0,-0.039991867090375215,-0.00221429,4.175601564897328,0.133205
1725252137.2466826,4.006670391456259,3.1328090761028657,3.1396565884870484,0,-0.03740673732040852,-0.00221429,4.139720832668561,0.133205
1725252137.346521,3.9610442161268318,3.1335138944231598,3.1396859350273836,-0.006172040604223827,-0.034214264180906735,8.84763e-09,4.0941199553814265,6.62452e-05
1725252137.4465845,4.044274924883097,3.1340009590601143,3.139612145925021,0,-0.030702596056041555,8.84763e-09,4.044224627124515,6.62452e-05
1725252137.5466008,3.9984576118217885,3.1347308975950874,3.1395671992040763,-0.004836301608988958,-0.02743621633887169,8.84763e-09,3.9984297263111306,6.62452e-05
1725252137.6470213,3.9585295004353527,3.1353933303867656,3.13950649147609,-0.0041131610893243575,-0.024540037748007257,8.84763e-09,3.958519679551609,6.62452e-05
1725252137.7466977,3.915364481897412,3.1361258068868194,3.1395822410401584,-0.003456434153338961,-0.02140458194306037,8.84763e-09,3.9153722191433995,6.62452e-05
1725252137.8464644,3.8669620769919884,3.1369451049538704,3.1396685674041724,-0.0027234624503020832,-0.01797182078058347,8.84763e-09,3.8669865596406803,6.62452e-05
1725252137.94703,3.8216130828314943,3.1377230489045416,3.139697822914079,-0.0019747740095374944,-0.014788086137087042,8.84763e-09,3.821650715954972,6.62452e-05
1725252138.0465724,3.781881011180623,3.138403665739496,3.139769983899886,-0.001366318160390012,-0.012060343306690905,8.84763e-09,3.7819280262060806,6.62452e-05
1725252138.146698,3.7368612576449296,3.1391881653443185,3.13978424723657,-0.0005960818922514655,-0.008985221463226757,8.84763e-09,3.7369167003993926,6.62452e-05
1725252138.246644,3.6891329166276274,3.1400378576744665,3.1398126062934586,0.0002252513810079293,-0.005735837631276224,8.84763e-09,3.6891947027913914,6.62452e-05
1725252138.3469808,3.6552822615840426,3.1406281252671353,3.1400446140812965,0.0006232777269365997,-0.002994311507318075,8.84763e-09,3.6469498585779068,6.62452e-05
1725252138.447053,3.608992814036936,3.141403171138239,3.1402358823675525,0.0012170605637802367,-0.00018113101309706232,8.84763e-09,3.600593907068524,6.62452e-05
1725252138.5467162,3.567258130392473,3.1420724233871584,3.1403681343294245,0.0017042890577338987,0.0017114714923416618,8.84763e-09,3.567323965038422,6.62452e-05
1725252138.646508,3.523217798305628,3.142830583784529,3.1398825253268368,0.002948058457692415,0.0043615054288061,8.84763e-09,3.5232813438911275,6.62452e-05
1725252138.746996,3.4913666072319938,3.143479625428422,3.1393951851783295,0.004006678960494003,0.007172093740190471,8.84763e-09,3.483564550971385,6.62452e-05
1725252138.8465228,3.4391992921752355,3.144696037647911,3.1389510860647287,0.005744951583182445,0.01067314797148527,8.84763e-09,3.43924897593704,6.62452e-05
1725252138.9466782,3.40844226194421,3.145475177665306,3.1388468533693117,0.006628324295994137,0.013233334743054558,8.84763e-09,3.408482817758746,6.62452e-05
1725252139.0466154,3.3656644482237215,3.1465837457886567,3.138885051026174,0.0076986947624826385,0.016798280675320583,8.84763e-09,3.3656887724749605,6.62452e-05
1725252139.1469755,3.334582028589875,3.1474042742444017,3.138902438520271,0.008501835724130657,0.020025573652089436,8.84763e-09,3.32680122560881,6.62452e-05
1725252139.2468226,3.2960438776929295,3.148437221230648,3.1391067473987135,0.009431619233485566,0.023453381275216106,8.84763e-09,3.284938853099508,6.62452e-05
1725252139.3466725,3.253670204227246,3.1495584837636343,3.1392058786791703,0.010352605084464006,0.025917919033037914,8.84763e-09,3.253633220045883,6.62452e-05
1725252139.4466245,3.216109855418506,3.1505470419923354,3.139444883956875,0.011102158035460441,0.028797920793451875,8.84763e-09,3.2160471659126224,6.62452e-05
1725252139.547087,3.1836206126509814,3.1513668143473677,3.139786884365146,0.011594184002758912,0.0316070242352969,8.84763e-09,3.1763302108656393,6.62452e-05
1725252139.6466746,3.141609465049583,3.152387419282857,3.139967080605422,0.012420338677435083,0.03391228829715703,8.84763e-09,3.141492670916774,6.62452e-05
1725252139.7466629,3.11055680355,3.153122165700006,3.1400992507214975,0.013022914978508382,0.03586241664179364,8.84763e-09,3.1104163084273533,6.62452e-05
1725252139.846622,3.075601579249247,3.1539382262063604,3.1402626955348496,0.013675530671510838,0.03796910696833907,8.84763e-09,3.0754334463433635,6.62452e-05
1725252139.9470525,3.043405083184644,3.1546783166731123,3.1403563934295122,0.014333724380668045,0.04021488243639308,8.84763e-09,3.036265526623747,6.62452e-05
1725252140.0470662,3.008308460591144,3.155472122833586,3.140493606688833,0.01497851382942672,0.04212374061847975,8.84763e-09,3.0010722622030963,6.62452e-05
1725252140.146673,2.9707590981926,3.1562955778070036,3.1406843040394876,0.015611273767516032,0.04367728103339879,8.84763e-09,2.970504245796633,6.62452e-05
1725252140.2464633,2.93809014918298,3.156957459612079,3.1409448574954832,0.01601260211659561,0.04514141787350505,8.84763e-09,2.9378095930636667,6.62452e-05
1725252140.346941,2.908187217795998,3.1574998306433555,3.141208769497574,0.016338351089776104,0.04647880155662473,8.84763e-09,2.901065310522479,6.62452e-05
1725252140.4470484,2.8744333230988164,3.1580198381605946,3.1414131157709706,0.016634647513386724,0.04736368564475935,8.84763e-09,2.8674883656828825,6.62452e-05
1725252140.546672,2.837556126408772,3.158485669751854,3.1414812807117762,0.01700438904007795,0.047932610489567005,8.84763e-09,2.837217498873267,6.62452e-05
